A1BG	0.0
AAAS	0.09768655024481931
AAED1	0.0
AAGAB	0.0
AAK1	6.6235574496515675
AAMP	0.39839024973111437
AARS	0.0
AASDHPPT	0.0
AATF	0.0728315134050808
ABCC1	0.0
ABCC2	0.0
ABCC3	0.29144726471036947
ABCD4	0.0
ABCE1	1.6562897130996226
ABCF1	0.0
ABCF2	37.545022832671265
ABCG2	0.0
ABHD14B	0.0
ABHD17A	0.025653549527857863
ABHD2	0.0
ABI2	0.0
ABL2	0.0
ABR	0.0
ABRACL	0.17466261537467162
ABT1	0.22933368153470798
AC006262.5	0.0
AC009403.2	0.0
AC013461.1	1.3277347253399545
AC090498.1	0.11026895583455419
AC091729.9	0.0
AC093323.3	0.0
AC093673.5	0.0
ACAA2	0.0
ACACA	0.07544929347342896
ACADVL	0.02593561919165232
ACAT1	0.0
ACAT2	0.0
ACBD3	0.38618656161066856
ACD	0.0
ACER3	0.0
ACIN1	0.09340898211207443
ACO2	0.0
ACOT7	0.0
ACOT9	0.0
ACSL3	0.0
ACTB	0.32490815288026875
ACTG1	0.5755470275238418
ACTL6A	0.6767100365506001
ACTN1	0.0
ACTN4	0.12965583507531786
ACTR1A	0.9791476271944166
ACTR1B	0.0
ACTR3	0.57700173487901
ACYP1	0.0
ADA	8.324658780263972
ADAM10	1.6096526130352335
ADAM17	23.486871597328857
ADAM9	0.0
ADAR	0.0
ADGRG6	0.0
ADH5	0.0
ADIPOR2	0.0
ADK	0.0
ADM	0.0
ADNP	0.23075799617201934
ADPGK	0.8136636313363466
ADSL	0.0
ADSS	0.0
AEN	0.0
AFAP1	0.0
AFF4	1.01604073469008
AFG3L2	0.0
AFMID	0.0
AGAP2-AS1	0.17997324769621867
AGBL5	0.0
AGFG1	0.15935243124638457
AGGF1	0.0
AGO2	0.0
AGPAT1	0.03279726808600997
AGPAT5	0.6188564445831728
AGR2	0.0
AGRN	2.3938971671410614
AGTRAP	0.0
AHI1	0.0
AHNAK	0.0
AHNAK2	0.008477985785773141
AIDA	0.01663516091286374
AIFM1	13.991806250972521
AIFM2	0.0
AIG1	0.0
AIMP1	0.0
AIMP2	0.037607989284513574
AIP	0.0
AJUBA	0.020922261949296465
AK3	0.37734378392579926
AKAP12	1.8671631315594983
AKAP13	0.0
AKAP17A	0.0
AKAP9	0.5678985288011946
AKIP1	1.0618096052411872
AKIRIN1	0.0
AKIRIN2	0.18213182606725337
AKR1B1	0.0
AKR1B10	0.07483895718057766
AKR1C1	7.414703559495418
AKR1C2	2.1364995918649323
AKR1C3	0.0
AKR7A2	0.0
AKT1	0.0
ALCAM	0.0
ALDH1A1	0.18411443929431304
ALDH1B1	0.4549137172155224
ALDH2	0.0
ALDH3A1	0.0
ALDH3B1	0.0635560619957542
ALDOA	0.04825340288483385
ALG13	0.2337536095395883
ALG3	0.0
ALG5	0.08043813060179625
ALG8	0.0
ALKBH2	1.007429889126172
ALX1	0.0
AMFR	0.04420284729349812
AMIGO2	9.241837697813486
AMOTL2	1.7108121371847251
ANAPC13	0.43685641290373134
ANAPC7	0.25618631067629843
ANGPTL4	0.20046371249494482
ANKIB1	0.0
ANKLE2	0.0
ANKRD1	0.0
ANKRD13D	0.0
ANKRD28	0.0
ANKRD29	0.0
ANKRD30A	0.0
ANKRD33B	0.0
ANKRD40	0.0
ANKRD54	0.0
ANKRD9	5.959008527080499
ANKS3	0.0
ANKS6	0.0
ANLN	0.09489358772920424
ANO6	0.0
ANP32E	0.4789604544231575
ANXA1	0.0
ANXA2	0.0
ANXA3	0.0
ANXA4	1.7787833806009505
ANXA5	1.0971913409469412
ANXA7	0.0
ANXA8L1	0.0
AP006222.2	0.0
AP006621.5	0.0
AP1G1	0.0
AP1M2	0.0
AP1S2	1.484955091112673
AP2A2	0.0
AP3D1	0.15935243124638457
APIP	0.3153343564254519
APITD1	1.8321432693995068
APLP2	0.20164387166656936
APMAP	0.035809650905860455
APOBEC3C	0.007204259292121686
APOC1	0.0
APOE	0.0
APOO	0.4789604544231575
APP	0.0
APPL1	0.0
APTX	0.0
AR	0.0
ARCN1	1.2190271126081356
AREG	0.0
ARF4	0.0
ARF5	0.0
ARFIP2	0.0
ARGLU1	0.6667622633000075
ARHGAP11A	0.0
ARHGAP11B	0.0
ARHGAP29	0.0
ARHGAP35	0.0
ARHGAP5	0.0
ARHGAP5-AS1	0.0
ARID1A	0.0
ARID4B	0.0
ARIH2	0.0944682107126928
ARL1	1.7293865634474717
ARL14EP	0.0
ARL4C	5.2984294482045815
ARL6IP1	0.01637656651955175
ARL6IP5	0.0
ARL8B	0.0
ARMC1	0.0
ARMCX6	0.2665009785865326
ARNTL2	0.0
ARPC1B	0.0
ARPC3	0.04680568271989279
ARRDC1-AS1	0.0
ARV1	0.0
ASAH1	0.11901858848700185
ASAP2	0.28529476409893506
ASB1	0.0
ASCC3	0.23671251783450223
ASF1A	0.08034245011470928
ASF1B	0.06936322659216684
ASH1L	0.0
ASNA1	1.063652200262098
ASNS	0.08851233616397376
ASNSD1	0.15167901114746898
ASPHD1	0.0
ASPM	0.041913335238815005
ASPSCR1	0.0
ASRGL1	0.0
ASXL1	0.0
ATAD2	0.01227359348224182
ATAD5	0.0
ATF5	0.0
ATF7	0.17859123883141156
ATF7IP2	0.0
ATG12	0.08884976821164009
ATG5	0.0
ATIC	0.0
ATL3	0.0
ATMIN	0.0
ATN1	0.9694213475342731
ATOH8	0.0
ATP1B1	1.8017211676639473
ATP2A1-AS1	0.0
ATP2B1	0.07430687613408674
ATP5B	0.17851388377856126
ATP6AP1	0.16548616956991852
ATP6AP2	0.04032092702378015
ATP6V0D1	0.19327221024199465
ATP6V1C1	0.003161809792508161
ATP6V1D	0.18932776185966277
ATP6V1E1	0.0
ATP6V1E2	0.0
ATPAF1	1.21671664542244
ATRX	0.0
ATXN10	0.0
ATXN2	2.54166369277975
ATXN2L	0.0
ATXN7L3B	0.0
AURKA	0.17403360183077415
AURKB	0.2217706107280745
AVEN	0.0
AVPI1	2.4086669904936033
AXL	0.0
AZI2	0.0
AZIN1	0.0
AZIN1-AS1	0.0
B3GALT6	0.0
B3GAT3	1.0272647453984536
B4GALNT1	0.0
B4GALT1	0.01663516091286374
B4GALT2	0.01663516091286374
B4GALT3	0.0
B4GALT4	0.0
B4GALT5	0.0
B4GALT7	0.0
B9D1	0.9936933297387629
B9D2	0.8884447292919755
BABAM1	0.5734957862578236
BAG2	0.28529476409893506
BAG3	0.5734957862578236
BAIAP2L1	0.0
BAMBI	0.2633187187389101
BANP	0.6644669791641531
BASP1	0.0
BATF3	0.0
BAX	0.0
BAZ1A	0.0
BAZ2A	0.0
BBC3	0.0
BBIP1	0.006498001345648156
BBX	0.09177748370305783
BCAM	0.0
BCAR1	0.0
BCAS4	0.25618631067629843
BCAT1	0.005649456313906471
BCAT2	0.0
BCCIP	0.0
BCKDK	0.31869367224099177
BCL2L1	0.034617781933200246
BCL3	0.0
BCLAF1	0.3153343564254519
BCS1L	0.8942591726834666
BCYRN1	0.0
BDNF	6.282999408754197
BDP1	0.0
BECN1	0.6134209139292358
BEST1	0.0
BET1	0.08182529342902774
BEX2	0.0
BFAR	0.21904221276850144
BHLHE40	0.047628401715279385
BICC1	0.0
BIN1	0.0
BIRC2	0.0
BIRC3	0.0
BIRC5	0.18932776185966277
BIRC6	0.7937674086233821
BLMH	0.0
BLOC1S4	0.49380096404742013
BLVRA	0.259081761772481
BLVRB	0.13923422167609031
BMP4	0.06760152498380619
BMS1	0.2721668120022114
BNIP2	0.26617305823637505
BNIP3L	0.0
BOLA1	0.0
BOP1	0.507015311579305
BORCS7	0.0049827822323601275
BORCS8	0.0
BRCA1	0.01663516091286374
BRD2	0.18960910363729166
BRD3	0.0
BRE	0.0
BRI3BP	2.0290577359871937
BRIX1	0.0
BROX	0.0
BTBD11	0.0
BTBD6	0.0
BTBD7	0.0
BTF3L4	0.06760152498380619
BTG1	0.03221088491150947
BUB3	0.0
BZW1	0.39749267815028755
BZW2	0.13266694309388713
C10orf35	0.0
C10orf54	0.0
C11orf1	0.0
C11orf68	0.0
C11orf74	0.0
C11orf86	0.0
C12orf29	0.13398705688027196
C12orf43	0.0
C12orf49	0.04627193923119022
C12orf65	0.0
C12orf73	0.0
C12orf75	16.961681009915687
C12orf76	0.0
C14orf119	0.0501899991538018
C14orf80	0.0
C15orf48	0.0
C16orf45	0.0
C16orf52	0.0
C16orf59	0.1059230488864255
C16orf72	0.0
C16orf74	0.0
C16orf91	0.08423488212364359
C17orf58	0.6187842230340647
C17orf62	0.5488675651500406
C19orf12	0.0
C19orf25	0.00044753363278129065
C19orf81	0.0
C1D	0.0
C1QL1	0.0
C1orf106	0.0
C1orf131	0.0
C1orf174	0.0
C1orf21	0.30073607187432044
C1orf35	0.008200409368961345
C1orf53	0.0
C1orf56	0.0
C1orf61	0.0
C21orf58	0.0
C21orf59	0.0
C22orf39	0.507015311579305
C2orf47	0.0
C2orf68	0.0
C2orf74	0.6742875149189022
C2orf82	0.0
C3orf14	0.7088723472314514
C4orf27	0.0
C5orf24	0.03791862951117492
C6orf1	3.8608029252927656
C6orf141	0.0
C6orf48	0.1039272222560231
C6orf62	0.19622731154337675
C7orf55	1.0889246184740182
C8orf4	0.08238804711913288
C8orf82	2.1315343217139295
C9orf116	0.0
C9orf69	0.0
C9orf78	7.995742165204939
CA12	0.0
CA8	0.0728315134050808
CACNG6	0.10790424813852417
CACNG8	0.0
CACUL1	0.0035766442172245985
CACYBP	0.0
CALB2	0.0
CALM2	0.18815729148753935
CALR	1.5344881364249436
CALU	0.0
CAMK2N1	5.548192848443101
CAMLG	0.0
CAND1	0.0
CANT1	0.03402230172595481
CAPG	0.0
CAPN1	0.0
CAPN12	0.0
CAPRIN1	0.0
CAPZA1	0.0
CARS	0.0
CASC10	0.7600150096897058
CASC3	0.0
CASC4	0.0
CASC8	0.0
CASK	0.6134209139292358
CAV1	0.17859123883141156
CAV2	0.3530736127448489
CBR3	0.15167901114746898
CBX6	0.0
CCAR1	0.0
CCDC106	0.0
CCDC107	0.13909285599419743
CCDC109B	0.0
CCDC12	0.12450177506294868
CCDC137	0.0977639393346019
CCDC47	0.0
CCDC50	0.4443340412394231
CCDC53	0.0
CCDC57	0.0
CCDC58	0.07829436234055442
CCDC6	0.0
CCDC74A	0.0
CCDC80	0.0
CCDC85B	0.6310757300889552
CCDC85C	0.0
CCDC86	0.1533156893693963
CCDC88A	0.11770455032255125
CCDC88B	0.0
CCDC90B	0.44968541165983267
CCDC91	0.08238804711913288
CCDC92	0.2559955370762031
CCK	0.0
CCL2	0.10204329632267535
CCNA2	0.0
CCNB1	1.2109058550520444
CCNB1IP1	0.0
CCNB2	1.3901607975313268
CCNC	0.0
CCND1	0.0
CCND3	0.0
CCNE1	0.2559955370762031
CCNF	0.0
CCNG1	1.829041929550174
CCNH	0.0
CCNK	0.08918788883819431
CCNL1	0.0
CCNYL1	0.0
CCSER2	0.0
CCT2	0.0
CCT3	0.0062918353749182926
CCT4	0.0
CCT5	0.3530736127448489
CCT7	0.0
CCT8	0.0
CCZ1	0.0
CD164	0.0
CD24	1.033083617390031
CD2BP2	0.04420284729349812
CD3EAP	0.0
CD44	0.022607934238738702
CD47	0.18961413984259967
CD55	0.0
CD59	0.1393184020370806
CD70	0.0
CD81	0.0728315134050808
CD9	0.05665506936981213
CDA	0.0
CDC123	0.0
CDC20	0.2718946229284524
CDC27	0.0
CDC34	0.0
CDC42	0.08100030818145278
CDC42BPA	0.0
CDC42BPB	0.0
CDC42EP1	0.0
CDC42EP3	0.0
CDC42EP4	0.0
CDC42SE1	0.15761852756108216
CDC42SE2	0.008477985785773141
CDC6	0.0
CDC73	0.0
CDCA2	0.4477020458251144
CDCA3	0.0
CDCA4	0.0
CDCA5	2.9735948197339197
CDCA7	0.2685828788017096
CDCA7L	0.36203986893559764
CDCA8	0.0
CDCP1	0.0
CDH2	0.404864815972232
CDIPT	0.0
CDK1	0.0
CDK12	0.0
CDK5	0.0
CDK5RAP2	0.12010102776780102
CDK6	0.6942701496439269
CDKN1A	0.0
CDKN2C	0.0
CDR2L	0.0
CDS2	0.0
CDT1	0.0
CDYL	0.0
CEBPB	0.20124193594883388
CEBPD	0.20046371249494482
CEBPZ	26.569593537541106
CEBPZOS	0.15167901114746898
CECR5	0.0
CELF1	0.3153343564254519
CENPA	0.37734378392579926
CENPB	0.0
CENPE	0.260337316773063
CENPF	0.833598199643687
CENPH	0.0
CENPK	0.18411443929431304
CENPU	0.0
CEP290	0.0
CEP350	0.0
CEP55	0.0
CEP89	0.311930578028986
CERS2	5.69399143627074
CES1	0.0
CES2	0.0
CETN2	0.0
CFAP20	0.1900956899603003
CFAP36	0.18411443929431304
CFAP97	0.05431326384796278
CFD	0.05590118476843916
CFDP1	0.04420284729349812
CFLAR	16.446994525486073
CGGBP1	0.001705311319641641
CH17-340M24.3	0.0
CH17-360D5.2	0.0
CHAC2	0.0
CHAF1A	0.0
CHAMP1	0.07955905156889675
CHCHD6	0.4774006270991161
CHCHD7	0.0
CHD1	0.0
CHD3	0.0
CHD4	0.1682933627247057
CHD9	0.21976883479242848
CHEK1	0.6362803171968352
CHID1	0.0
CHML	1.089630637078225
CHMP1A	0.0
CHMP1B	0.0
CHMP2B	0.0
CHMP5	0.39040640883718847
CHORDC1	0.0
CHP1	4.0836306472915345
CHTF8	0.0
CHURC1	0.0
CIAO1	0.11026895583455419
CIAPIN1	0.0
CIB2	0.022730680834108168
CINP	0.04420284729349812
CITED2	0.0
CITED4	0.22514486772827774
CKAP2	2.1364995918649323
CKAP2L	0.0
CKAP4	0.5525602826474185
CKAP5	1.0634097245464482
CKB	0.18961413984259967
CKS2	0.04627193923119022
CLCF1	0.13723559532461793
CLDN1	0.0
CLDND2	0.0
CLEC11A	0.07668330808542136
CLIC1	1.2758463976981942
CLINT1	0.0
CLIP1	0.0
CLMP	0.0
CLPTM1	0.04420284729349812
CLSPN	0.0
CLU	1.046696529650455
CLUH	0.0
CMAS	0.23075799617201934
CMB9-22P13.1	0.0
CMPK1	0.0
CMTM3	0.4509618380535568
CMTM6	0.0010959783220252802
CMTM7	0.47572173480472296
CMTM8	0.0
CNBD2	0.0
CNFN	0.001705311319641641
CNN2	0.0
CNN3	0.0
CNOT1	0.0
CNOT2	0.40528233359236404
CNOT4	0.0
CNP	0.0
CNPY3	0.0
CNTN1	0.11770455032255125
CNTNAP3B	0.0
COA5	0.0728315134050808
COIL	0.0
COL18A1	0.0
COL4A2	0.08393672721098426
COL5A2	0.0
COL7A1	0.01663516091286374
COLGALT1	0.0
COMMD1	0.0
COMMD10	2.2594712119647777
COMMD2	0.0
COMMD3	0.0
COMMD5	0.0
COMMD9	0.0
COMTD1	0.2307156745360655
COPS5	0.03456891750292452
COPS6	0.2857875182993014
COPS7A	0.0
COPS7B	0.0
COPS8	0.0
COPZ2	0.0
COQ5	0.0
COQ9	0.0
CORO1C	2.1636630038625655
COX16	8.863758319981835
COX19	0.39749267815028755
CPLX2	0.0
CPNE1	0.32065517797756693
CPNE2	0.0
CPNE3	0.0
CPNE7	0.0
CPS1	0.0
CPSF6	0.0
CPT1C	0.0
CRACR2B	0.0
CREB1	1.318795650811763
CREB3	0.0
CRELD2	0.700840194742231
CRIM1	1.2878129907774336
CRIP1	0.024482353597868843
CRIP2	0.4276249095680609
CRTC3	0.031793883893693135
CRYZ	0.0
CS	0.0
CSAG1	0.7701465313481698
CSE1L	0.0
CSF1	0.0
CSNK1D	0.0
CSNK1E	3.012986017005687
CSNK1G2	0.0
CSNK1G3	0.0
CSNK2A1	0.0
CSNK2A2	0.131287834994569
CSTF3	0.0
CTA-29F11.1	0.0
CTA-392C11.1	0.0
CTB-178M22.2	0.0
CTBP1	0.08393672721098426
CTBP2	0.0
CTC-459F4.3	0.0
CTC-524C5.2	0.5997625147135695
CTCF	0.24703232656619428
CTD-2015H6.3	0.0
CTD-2270L9.4	0.4774006270991161
CTD-2314B22.1	0.0
CTD-2336O2.1	0.32065517797756693
CTD-2600O9.1	0.37734378392579926
CTD-3001H11.2	0.0
CTD-3138B18.5	0.0
CTD-3184A7.4	0.0
CTD-3252C9.4	0.0
CTDSP1	0.0
CTDSP2	0.7785982432213062
CTDSPL	0.0
CTGF	0.0
CTNNA1	0.0
CTNNAL1	3.3952203285511167
CTNNB1	0.8035627449401233
CTNNBL1	0.0
CTNND1	0.0
CTPS1	0.0
CTSA	0.0
CTSB	0.275660255483264
CTSC	0.15167901114746898
CTSD	0.0
CTSL	0.23075799617201934
CTTN	0.0
CTU1	0.0728315134050808
CTXN1	0.0
CUEDC2	0.01663516091286374
CUL3	0.15167901114746898
CUTC	0.0
CUX1	3.012270451410027
CWC15	0.0
CWC25	0.0
CWC27	0.0
CXCL1	0.29144726471036947
CXCL2	0.0
CXCL3	0.0
CXCL5	0.0
CXCL8	0.0
CXXC5	0.0
CXorf40B	0.0
CYB561A3	0.0
CYB5B	0.26479341855596644
CYB5D2	0.07955905156889675
CYB5R3	0.873802549198997
CYBA	0.10395615695795114
CYHR1	0.07483895718057766
CYP1B1	0.0
CYP24A1	0.0
CYP2S1	0.0
CYR61	0.0
CYTH2	0.0
DAAM1	0.0
DAB2	0.0
DAG1	0.0049827822323601275
DAP	0.0
DAP3	0.0
DAPK1	0.0
DARS	0.13441329074955893
DAXX	0.0
DBF4	0.0
DBNDD1	0.7198536434115981
DBNL	0.0
DBP	0.0
DCAF13	0.2217706107280745
DCAF7	0.0
DCBLD2	0.90721971851306
DCDC2	0.0
DCTD	2.611098086330757
DCTN1	0.0
DCTN2	0.0
DCTN6	0.07955905156889675
DDAH2	0.0
DDB1	0.0
DDB2	0.0
DDIT3	0.8886235311010575
DDIT4	0.0
DDOST	0.0
DDRGK1	0.16548616956991852
DDX10	0.0
DDX17	6.7443409540849
DDX18	0.24856771573190226
DDX23	0.0
DDX24	0.0
DDX27	0.0
DDX39A	0.19446679940063205
DDX42	0.259081761772481
DDX50	0.0
DDX52	0.02347797130418288
DDX54	4.610212049374305
DDX56	0.0
DDX6	0.0
DEAF1	0.0
DEDD2	0.19446679940063205
DENND5B	0.0
DEPDC1	0.0
DERA	1.1175064345238732
DERL1	0.02593561919165232
DERL2	1.1034958453805543
DESI1	1.7568760192399955
DESI2	0.20164387166656936
DFFA	0.05431326384796278
DGKD	0.0
DGKE	0.06725313486767184
DGUOK-AS1	0.0
DHCR24	0.0
DHCR7	0.022410706648938107
DHPS	0.0
DHRS3	0.004477339293774207
DHRS4	0.44968541165983267
DHRS4-AS1	0.0
DHRS4L2	0.28025829327166085
DHRS7	0.0
DHRSX	0.5347715961560382
DHX15	0.25618631067629843
DHX30	0.005590052696131767
DHX33	0.0
DHX9	0.0
DIAPH1	0.7065061022028497
DIMT1	0.0
DIO2	0.0
DIO3OS	0.0
DKK1	0.14784105859767638
DLC1	0.0
DLD	0.0
DLEU1	0.21904221276850144
DLEU2	0.0
DLGAP1-AS1	0.0
DLGAP5	0.0479065433217295
DMKN	0.0
DMWD	0.2665009785865326
DNAAF2	0.0
DNAJA1	0.0
DNAJA2	0.8136636313363466
DNAJA3	1.869504483433354
DNAJB1	0.9056726591741796
DNAJB11	0.025653549527857863
DNAJB9	0.10758877700897564
DNAJC1	0.0
DNAJC10	0.0
DNAJC12	0.0
DNAJC21	0.03287674006979634
DNAJC3	0.0
DNAJC30	0.0
DNAJC4	0.18212380402405007
DNAJC8	0.10758307315079227
DNM1L	0.11770455032255125
DNPEP	0.030728897656707773
DNTTIP2	0.0
DOCK5	0.0
DOK4	0.0
DPCD	1.901076546480621
DPF2	0.0
DPH2	0.01022630524940098
DPM1	0.0
DPM3	0.0
DPP7	0.896586054647482
DPYSL2	0.0
DPYSL3	0.0
DR1	0.0
DRAM1	0.0
DRG1	0.6327821858110751
DSCR3	0.0
DSG2	0.5392590379676028
DST	0.0
DTL	0.0
DTX2	0.0
DUSP1	0.22933368153470798
DUSP12	0.1417242187747109
DUSP14	0.24041281114143964
DUSP3	0.1319165950543322
DUSP4	0.0
DUSP5	0.0
DYNC1H1	0.2598269180088992
DYNC1I2	0.1408637037553829
DYNC1LI1	0.031793883893693135
DYNC1LI2	0.049781180392531155
DYNLL1	0.0
DYNLL2	0.037607989284513574
DYNLT3	0.0
DYRK4	0.22514486772827774
E2F1	0.0
E2F4	0.0
E2F6	0.10395615695795114
EAPP	4.9364614422679844
EBAG9	1.01604073469008
EBLN3	0.0
ECE2	0.0
ECH1	0.10833120823056538
ECHDC1	0.0
ECI2	0.0
ECSIT	0.0
ECT2	0.1654969709388978
EDEM2	0.0
EDN1	1.5889831395766296
EEA1	0.0
EEF1A1	0.0
EEF1A2	10.077717929190706
EEF2KMT	0.6683794231980495
EFHD2	0.42848888844094296
EFNA1	0.002064942367942885
EFNA5	0.11026895583455419
EFR3B	0.0
EFTUD2	0.36260342534805795
EGFR	0.0
EGLN1	14.755326369180164
EHBP1	0.04469260737285514
EHD1	0.0
EHD2	0.0
EID2	0.0
EID2B	0.0
EIF1	0.17245303170526688
EIF1AY	0.037607989284513574
EIF1B	0.0
EIF2A	0.0
EIF2AK2	3.8784301119709426
EIF2AK4	0.6849178352556349
EIF2B1	0.0
EIF2B4	0.0
EIF2S1	0.0
EIF2S3	0.5455735251491095
EIF3D	0.03221088491150947
EIF3I	0.0
EIF4A1	0.7952698506161393
EIF4A2	0.0
EIF4A3	0.0
EIF4E	0.18960910363729166
EIF4EBP1	0.0
EIF4G1	0.5997625147135695
EIF4G2	0.09997470387238105
EIF5A	0.10977439592597625
EIF5AL1	0.0
ELAC2	0.0
ELAVL1	0.04825340288483385
ELF3	20.770490888108483
ELOVL1	0.0
ELOVL5	14.052600525894274
ELP6	0.0
EMC3	0.0
EMP2	0.0
EMP3	2.7604458474587714
ENAH	0.0
ENDOG	0.28025829327166085
ENDOV	0.2718946229284524
ENO1	0.0
ENOPH1	0.0
ENTPD6	0.08238804711913288
EPAS1	0.022410706648938107
EPB41L1	0.0
EPB41L2	0.0
EPC1	12.455743881042084
EPDR1	3.325021743277785
EPHA2	0.0
EPHX1	0.0
EPN2	0.01644938822797245
EPRS	0.0
EPS8	1.5454569814386792
EPS8L2	0.0
ERAL1	0.0
ERBB2IP	0.0
EREG	0.0
ERF	0.7762771740682408
ERGIC2	1.0971913409469412
ERICH1	0.0
ERLIN2	0.10395615695795114
ERN1	0.0
ERO1A	0.19446679940063205
ERRFI1	0.28529476409893506
ERV3-1	0.03595974663284177
ESAM	0.0
ESD	0.03456891750292452
ESF1	0.10790424813852417
ESRRA	0.0
ETFB	0.0
ETHE1	0.13266694309388713
ETV4	0.26900776375160224
ETV5	0.0
EVA1B	0.0
EVA1C	2.30533578136933
EVL	0.0
EWSR1	2.3246703776535633
EXOC3-AS1	0.0
EXOC7	0.10790424813852417
EXOG	0.0
EXOSC1	0.3142047244011384
EXOSC2	0.0
EXOSC3	0.1337569442384697
EXOSC6	0.0
EXOSC7	0.0
EXOSC8	0.0
EZR	0.0
F12	0.27422116843805106
F2RL1	0.7846600178375234
F8A1	0.0
FA2H	1.1745197024663998
FAAP24	0.0
FADD	0.10790424813852417
FADS2	0.0
FAF2	0.01663516091286374
FAHD1	0.0
FAM101B	1.0082932970155631
FAM102A	0.0
FAM103A1	0.5327483291350745
FAM107B	7.995742165204939
FAM120A	0.4549137172155224
FAM127A	1.6173989051671054
FAM129B	0.0
FAM131C	0.0
FAM133A	0.0
FAM133B	0.5678985288011946
FAM134A	0.0
FAM161A	0.0
FAM162A	0.07797098222723751
FAM168B	0.16548616956991852
FAM189B	0.0
FAM192A	0.0728315134050808
FAM208B	0.0
FAM210B	0.0
FAM215B	0.0
FAM216A	0.0
FAM219B	0.0
FAM229B	0.0
FAM3A	0.0
FAM3C	1.2452932581830196
FAM45A	0.4509618380535568
FAM50A	0.5069206633542751
FAM57A	0.0
FAM60A	0.502701765829766
FAM64A	0.0
FAM83D	0.0
FAM89A	0.03525117860923006
FAM89B	0.024482353597868843
FAM92A1	0.0
FAM98A	0.0
FANCD2	1.0756180845120298
FANCI	0.0
FARSA	0.0
FARSB	0.0
FASTK	0.04032092702378015
FAT1	0.2701467276470999
FBLIM1	0.0
FBN2	29.04315656220666
FBRSL1	5.198657012048751
FBXL15	0.0
FBXO21	0.0
FBXO22	0.0
FBXO25	0.0
FBXO7	0.06480829887972347
FBXO9	0.0
FBXW11	1.5454569814386792
FBXW2	0.4217044153748419
FCGRT	0.0
FCHO1	0.10758307315079227
FDFT1	0.5927451552329338
FDPS	0.1910511884659304
FDX1L	0.0
FDXR	0.507015311579305
FEN1	0.0
FERMT1	0.0
FES	0.0
FGA	0.0
FGD5-AS1	0.011190870440517964
FGD6	0.0
FGF2	0.8272584571004082
FGFR1	0.0
FGFR1OP2	0.17859123883141156
FH	0.0
FHL1	0.5755470275238418
FHL2	0.0
FIBCD1	0.0
FILIP1	0.0
FJX1	0.3153343564254519
FKBP10	0.0
FKBP11	0.0
FKBP1B	0.0
FKBP3	0.0
FKBP9	0.0
FLAD1	1.2452932581830196
FLII	0.0
FLJ20021	0.0
FLNA	0.0
FLOT2	0.0
FMNL1	0.0
FN1	0.07541927693560103
FN3KRP	0.0
FNBP4	0.0
FNDC3B	0.0
FNIP1	0.0
FNTA	0.0
FOPNL	0.4459572731483328
FOSL1	0.5376957867422059
FOSL2	0.06637598441963585
FOXA2	0.0
FOXC1	0.0
FRA10AC1	0.0
FRMD6	0.0
FRMD6-AS1	0.0
FSCN1	0.0
FST	0.0
FSTL1	0.0
FSTL3	0.0
FTSJ1	0.17851388377856126
FTSJ2	0.127594483956598
FTSJ3	0.20164387166656936
FUBP1	0.24041281114143964
FUNDC1	0.13619703067457986
FXN	1.7108121371847251
FXR1	0.0
FYB	0.0
FZD2	1.789967837632835
G0S2	0.0
G2E3	0.0
G3BP1	0.4477020458251144
G3BP2	0.04420284729349812
G6PC3	0.0
GABPB1	0.0
GABPB1-AS1	0.49225247545720585
GABRA5	0.0
GABRB3	0.0
GACAT2	0.0
GADD45A	0.15167901114746898
GADD45B	0.0
GAL	0.041250594428974954
GAL3ST1	0.0
GALE	0.21904221276850144
GALK1	0.08238804711913288
GALNT1	0.28025829327166085
GALNT10	0.0
GALNT2	0.0
GAMT	0.0
GAN	0.016379357304167678
GAPDH	0.3796577716210975
GAR1	0.0
GARS	0.08351877322575692
GAS2L1	1.3082650824848845
GATAD2A	1.083948949677122
GATC	0.0
GATS	0.0
GBAS	0.031793883893693135
GCC2	0.0
GCFC2	0.0
GCHFR	0.0
GCNT3	0.0
GDF15	0.022108158094262458
GFER	0.0
GFOD2	0.0
GFRA1	0.0
GGCX	0.0
GGH	0.15167901114746898
GGNBP2	0.15167901114746898
GGPS1	0.6644669791641531
GIGYF1	0.1654969709388978
GINS1	0.0
GINS4	1.3687306844217926
GIP	0.06936322659216684
GIT1	0.0
GJA1	0.0
GJC1	1.555860909589706
GLCE	0.0
GLG1	0.0
GLIPR1	0.0
GLIS3	0.0
GLOD4	0.06189122872697648
GLRX	0.0
GLS	0.07955905156889675
GLTP	0.0
GLUD1	0.15167901114746898
GMCL1	0.0
GMNN	0.04420284729349812
GMPS	0.0038269895354858564
GNAI2	0.0
GNAI3	0.004477339293774207
GNAQ	1.459512785231998
GNB2L1	0.06754765782090942
GNB5	0.0
GNG11	0.23232878322660824
GNG12	0.0
GNL3	0.0
GNPAT	0.701622886539628
GNPDA1	0.0
GNPNAT1	5.312749698006272
GOLGA3	0.0
GOLGB1	0.0
GOLIM4	0.0
GOLM1	0.10758307315079227
GOLT1B	0.0
GOPC	0.0
GORASP2	0.0
GOSR1	0.04420284729349812
GOSR2	0.0
GOT1	0.0
GPAT3	0.0
GPAT4	0.0
GPATCH8	0.0
GPBP1	0.5779513783589443
GPC1	0.0
GPCPD1	0.0
GPN1	0.12450177506294868
GPN3	0.0
GPR137	0.3796577716210975
GPRC5A	2.3727630751537627
GPRC5C	0.0
GPRIN2	0.0
GPRIN3	0.0
GPS1	0.01663516091286374
GPX1	0.46190204068936797
GPX2	0.0
GPX3	1.0114660921937164
GPX8	0.0
GRAMD1B	0.36769063933935336
GREM1	0.2803032015149081
GRIN2B	0.0
GRK6	0.0
GRN	0.0
GRPEL1	0.0
GRSF1	0.20003269210874708
GRWD1	0.0
GS1-124K5.4	0.0
GSR	0.0
GSTK1	0.07517193579061662
GSTO1	0.0
GSTZ1	0.0
GTF2F1	0.0
GTF2F2	0.0
GTF2H1	0.0
GTF3C2	0.0
GTPBP4	0.0
GTSE1	1.224001815797035
GULP1	0.0
H1F0	0.6893671770808684
H1FX	0.3160156684694078
HACD1	0.0
HACD2	0.0
HACD3	0.07955905156889675
HADHA	0.19791418209677117
HADHB	0.4077240829465646
HAGH	0.12450177506294868
HAGHL	0.20860878961984317
HAPLN3	0.0
HARS	0.0
HAT1	0.0
HAUS1	0.0
HAUS2	0.0
HAUS6	0.0
HCCS	0.0
HCFC1	0.0
HDAC1	0.03456891750292452
HDAC2	0.0
HDAC3	0.701622886539628
HEBP1	0.01663516091286374
HECTD1	0.0
HECW1	0.0
HERC2	0.3642799247245108
HERC4	0.0
HERPUD1	0.0
HES1	0.0
HES4	0.0
HES6	0.0
HEXA	0.0
HEXB	0.0
HEXIM1	0.0
HEXIM2	0.0
HGS	0.0
HGSNAT	0.0
HHEX	0.0
HIF1A	0.07696265937257665
HIGD1A	0.11770455032255125
HILPDA	0.049762465023651545
HIP1	0.05665506936981213
HIPK2	0.10833120823056538
HIST1H1C	0.3238175137381636
HIST1H1D	0.11073000068955492
HIST1H1E	0.0
HIST1H2AC	0.0
HIST1H2BD	0.0
HIST1H2BJ	0.0
HIST1H4C	0.31142074800225467
HIST2H2AC	0.0
HIST3H2A	0.0
HJURP	0.5462449208740563
HLA-A	0.0
HM13	0.0
HMG20B	0.007646116331724465
HMGA1	0.25618631067629843
HMGA2	0.0
HMGB2	0.0
HMGB3	0.2033399798875532
HMGCS1	0.031793883893693135
HMGXB3	0.0
HMGXB4	0.0
HMMR	2.8421331648076977
HMOX1	0.0
HMOX2	0.0
HN1	0.001705311319641641
HNRNPDL	0.0
HNRNPH1	0.0
HNRNPUL2	0.0
HOMER3	0.16358465995843063
HOTAIRM1	0.3341317882339295
HOXA-AS2	0.0
HOXA3	0.0
HOXB13	0.18493860626052125
HOXB6	1.9360192819987385
HOXB8	0.0
HOXB9	0.048543554876091376
HOXC9	0.0
HPCAL1	5.842662770053158
HPGD	1.0716668467889487
HPRT1	0.6285502060071042
HPS1	0.18539809620050157
HRSP12	0.44111293734333423
HSBP1L1	0.03791862951117492
HSD17B12	1.9772346538791035
HSP90AA1	0.0
HSP90AB1	0.6360050622158208
HSP90B1	0.0
HSPA14	0.0
HSPA1A	0.10977439592597625
HSPA2	7.451225060424284
HSPA4	0.12817660731205277
HSPA5	0.0
HSPA8	0.0
HSPA9	0.0467761356819477
HSPD1	2.9621458001798673
HSPG2	0.0
HSPH1	0.0
HTATSF1	0.6644669791641531
HUWE1	0.05886722740384414
HYAL2	0.025653549527857863
IARS	0.3252846546874163
IARS2	0.2685828788017096
IBTK	0.02115244623217862
ICE1	0.11770455032255125
ICE2	0.0
ICMT	0.0
ID1	0.13909285599419743
ID2	0.2614103318873409
ID3	3.7880051274121476
IDH1	0.16548616956991852
IDH2	0.0
IDH3A	0.0
IDH3B	0.09238301005849772
IDH3G	0.08238804711913288
IDI1	0.037607989284513574
IDS	0.6362803171968352
IER2	3.0246053048670207
IER3	6.709877434840174
IER5	0.0
IER5L	0.0
IFI27L1	0.0
IFI27L2	0.16184631655254594
IFITM2	0.0
IFNGR2	0.05104625126505927
IFRD1	1.033083617390031
IFT27	0.0
IFT43	0.0
IFT57	0.3345715819306709
IFT81	3.1363892074393735
IGBP1	0.0
IGF1R	0.0
IGF2	0.06760152498380619
IGF2BP1	0.36203986893559764
IGFBP3	0.0
IGFBP4	3.6442000718582923
IGFBP6	0.0
IGFBP7	0.0
IK	0.0
IKBIP	0.8136636313363466
IL11	0.0
IL13RA1	0.0
IL18	0.0
IL32	0.10088108985615107
IL6ST	0.0
ILF2	0.5219953956210679
ILF3-AS1	0.22933368153470798
ILK	3.5802390766760754
ILKAP	0.0
IMMP1L	0.04394668002736623
IMMT	0.0
IMPAD1	0.3943364702304315
IMPDH1	0.0
IMPDH2	0.23671251783450223
INA	0.08179250000622282
INAFM1	0.0
INF2	0.024668292577779354
ING2	0.4821366797125047
INHBB	1.2197078007849878
INO80C	0.01022630524940098
INO80E	0.0
INSIG1	3.5561901439894035
INSL4	0.0
INTS10	0.15167901114746898
IP6K2	0.0
IPO5	0.6849178352556349
IPO9	0.0
IQGAP1	0.0
IQSEC2	0.5069206633542751
IREB2	0.0
IRF1	0.22514486772827774
IRF2BP2	0.17859123883141156
IRF2BPL	0.0
IRF3	0.0
IRS1	1.522698788277193
IRS2	0.0
IRX3	0.0
ISG15	0.0
ISG20	0.0
ISG20L2	0.0
ITFG2	1.1848288923839545
ITGA2	0.0
ITGA3	0.19239281018425405
ITGAV	0.0
ITGB1	0.0
ITGB3BP	0.0
ITGB4	0.24041281114143964
ITGB5	0.0
ITM2B	0.3440918426139971
ITM2C	0.0
ITSN2	0.0
IVNS1ABP	0.8400892287269571
JADE1	0.0
JAG1	0.0
JAK1	0.0
JKAMP	0.0
JMJD1C	0.0
JMJD6	0.10758877700897564
JUN	0.0
JUNB	0.7996318508349852
JUND	0.0
JUP	1.4756490175166206
KANK1	0.27159531347582283
KARS	0.02593561919165232
KB-1732A1.1	0.0
KCNF1	0.0
KCNK6	0.0
KCNMA1	22.14755901912589
KCNQ1OT1	0.0
KCTD1	0.0
KCTD15	0.19446679940063205
KCTD9	0.0
KDM5A	0.0
KDSR	0.0
KEAP1	0.0
KHSRP	0.29144726471036947
KIAA0907	0.0
KIAA0930	0.0
KIAA1191	0.0100244679335057
KIAA2013	0.0
KIF14	0.030468613461573733
KIF18A	0.0
KIF1C	3.8784301119709426
KIF20B	0.6185240801184665
KIF21A	1.1429738819945918
KIF22	0.0
KIF23	0.0
KIF2A	0.3965476573749527
KIF3B	0.0
KIF3C	0.0
KIF4A	0.15167901114746898
KIF5B	0.0
KIF9	1.2452932581830196
KLF10	0.0
KLF13	0.0
KLF3	0.0
KLF5	0.0
KLF6	0.0
KLHDC2	0.0
KLHDC3	0.0049827822323601275
KLHL23	0.0
KLHL42	0.0
KLHL5	0.15250069578901249
KMT2A	0.2420694258231075
KMT2B	0.0
KMT2E	0.0
KMT2E-AS1	0.0
KMT5A	0.0
KNSTRN	0.0
KPNA1	2.372787042810026
KPNA2	0.0
KPNA3	0.5069206633542751
KPNA4	0.29503636534332
KPNA6	0.0
KRAS	0.0
KRCC1	0.0
KRIT1	0.0
KRR1	0.0
KRT18	1.7108121371847251
KRT19	0.0
KRT7	1.370637259829902
KRT8	1.0235819820351453
KRT80	0.0
KRTCAP2	0.0
KYNU	0.0
L3HYPDH	0.0
LACTB	0.5244329715737658
LACTB2	0.3943364702304315
LAMA5	0.0
LAMC2	0.04420284729349812
LAMP1	0.0
LAPTM4A	0.049781180392531155
LARP4	0.0
LARP7	0.1835990285058249
LARS	0.014309709289711479
LAS1L	2.975357213780587
LAYN	0.0
LBH	0.0
LBR	0.08238804711913288
LCMT1	0.0
LDHA	0.0
LDHB	0.4008275222358204
LDLR	0.0
LDOC1	0.9056726591741796
LENG8	0.0
LEO1	0.26193930128964077
LEPROT	1.6843428885883849
LEPROTL1	0.3153343564254519
LETM1	0.0
LETM2	0.0
LGALS3	0.1319165950543322
LGALS3BP	0.0
LGR4	0.16474736932600736
LIMA1	0.0
LIMCH1	0.664848480699403
LIMD2	0.0
LIMS1	0.0
LINC-PINT	0.0
LINC00152	0.04680568271989279
LINC00467	0.0
LINC00473	0.0
LINC00511	0.0
LINC00657	0.7854339138305284
LINC00662	0.507015311579305
LINC00665	0.0
LINC00667	0.0
LINC00685	0.0
LINC00707	0.0
LINC00936	0.0
LINC00969	0.0
LINC00973	0.0
LINC00998	0.23232878322660824
LINC01021	0.0
LINC01089	0.0
LINC01116	0.0
LINC01137	0.0
LINC01184	1.0073638442994792
LINC01234	0.0
LINC01297-1	0.0
LINC01468	0.0
LINC01481	0.0
LINC01588	0.0
LIPE-AS1	0.0
LMAN1	1.326449009664706
LMCD1	0.0
LMNA	0.0
LMNB2	0.18212380402405007
LMO4	0.0
LMTK3	0.0
LONP1	0.0
LOXL2	0.37734378392579926
LPGAT1	0.0
LPIN1	0.0
LPP	0.0
LRFN4	0.39839024973111437
LRIF1	0.6849178352556349
LRP10	0.0
LRP3	0.0
LRPAP1	0.0
LRPPRC	0.0
LRRC14	0.0
LRRC23	0.22514486772827774
LRRC58	0.2918849444819023
LRRC75A	0.0
LRRC8A	0.0
LRRC8B	0.0
LRRFIP2	0.03221088491150947
LSM6	0.13619703067457986
LSR	0.0
LTA4H	0.0
LTBP3	0.0
LTBP4	0.0
LUC7L	0.43685641290373134
LURAP1L	0.0
LUZP1	0.0
LXN	0.0
LY6K	0.0
LYAR	0.08234196820023781
LYPD1	0.0
LYRM1	0.5666701837589716
LYRM2	0.25618631067629843
LYRM5	0.0
LYRM7	0.0
LYSMD2	0.03287674006979634
LZIC	0.0
MACF1	8.347851517190877
MAD2L1	0.0
MAD2L2	0.0
MAFG-AS1	0.0
MAFK	0.0
MAGEF1	0.0
MAGOH	0.0
MAN1A2	0.0
MANF	0.0
MAP1B	0.10234495328071193
MAP1LC3A	0.09340898211207443
MAP2K3	0.0
MAP2K4	0.0
MAP3K11	0.0
MAP3K13	0.896586054647482
MAP3K14	0.0
MAP3K2	3.812451808595028
MAP3K8	0.0
MAP4	0.0
MAP4K4	0.0
MAP7	0.0
MAP7D1	0.1682933627247057
MAP7D3	0.0
MAPK12	0.9805430078819468
MAPK1IP1L	0.4509618380535568
MAPK6	0.0
MAPK9	0.0
MAPKAPK3	0.0
MAPKAPK5	0.0
MAPKAPK5-AS1	1.020242522898368
MAPRE1	0.3867587933627344
MARCH2	0.0
MARCH6	0.0
MARCH9	0.0
MARCKS	0.0
MARCKSL1	0.0
MARK3	0.0
MARS	0.0
MARVELD1	0.0
MAVS	0.8884447292919755
MAX	0.12965583507531786
MBD2	0.17436635248086577
MBD3	0.22933368153470798
MBD4	0.0
MBNL1	0.2707422681279039
MBOAT7	0.13653400307501173
MBP	0.0
MCL1	0.0
MCM10	0.17859123883141156
MCM3	0.07300268927922296
MCM4	0.049781180392531155
MCM5	0.0
MCM6	0.001705311319641641
MCM7	0.03754727828753149
MCM8	0.0
MCMBP	0.0
MCTS1	0.29144726471036947
MCU	0.507015311579305
MDFIC	0.0
MDH1	0.0728315134050808
MDK	0.0
MDM2	0.0
MDM4	0.0
ME1	0.0
MEAF6	0.0
MECP2	0.0
MED1	0.3706128818210526
MED11	0.0
MED13L	0.0
MED19	0.36769063933935336
MED21	0.0
MED28	0.0
MED29	0.3252846546874163
MED31	0.0
MED8	0.0
MEG3	0.0
MEGF9	0.0
MEIS2	0.0
MEIS3	0.0
MELK	0.1910511884659304
MEPCE	0.0
MESDC2	0.2160158939688941
MESP1	5.198657012048751
MEST	0.5658192213422195
MET	0.02593561919165232
METRN	8.975832990214297
METTL10	0.0
METTL12	0.010707365245654092
METTL16	0.0
METTL21A	0.5565288334681551
METTL2A	0.0
METTL2B	0.0
METTL8	0.0
MFGE8	0.0
MFHAS1	0.0
MFSD10	0.27716985782102416
MFSD12	0.10790424813852417
MFSD3	0.025653549527857863
MFSD5	0.0
MGAT1	0.0
MGAT2	0.0
MGEA5	0.0
MGLL	0.0
MGME1	0.0
MGST1	0.013543792182700803
MGST2	0.340662463261807
MICU1	0.2761951128095363
MID1	2.2807974672671496
MID1IP1	0.0
MIDN	0.0
MIF	0.0
MIF4GD	0.14784105859767638
MINCR	0.15167901114746898
MIR503HG	0.0
MIS18BP1	5.312749698006272
MISP	0.45423974836197983
MKI67	0.30655552727946805
MKNK1	0.18212380402405007
MKNK2	0.0
MKRN1	0.0
MLLT10	0.0
MLLT4	0.0
MLPH	0.0
MLX	0.0
MLXIP	0.13448218056231973
MMD	0.1682933627247057
MMP24	12.70867927379364
MMP24-AS1	2.1265337019356942
MNAT1	0.683594735080558
MND1	0.0
MNX1-AS1	0.0
MOB3B	0.0
MOB4	0.0635560619957542
MOCS2	2.22958834746875
MOK	0.0
MORC4	2.5397576537116686
MORN2	0.46257802797497294
MOSPD3	0.0
MPDU1	0.01227359348224182
MPHOSPH10	0.0
MPHOSPH6	0.0
MPHOSPH8	0.21091531684100964
MPRIP	0.0
MPV17	0.0
MPZL1	0.08238804711913288
MROH8	0.0
MRPL1	0.0
MRPL10	0.0
MRPL16	0.0
MRPL2	0.21904221276850144
MRPL35	0.0
MRPL37	0.567393031011059
MRPL44	0.0
MRPL45	0.0
MRPL46	0.08105430965089752
MRPL47	0.2718878972234151
MRPL48	0.06726132044998132
MRPL49	0.49225247545720585
MRPL50	0.0
MRPS17	0.0
MRPS18A	0.0
MRPS18B	0.0
MRPS27	0.0
MRPS30	0.0
MRPS9	0.10790424813852417
MRRF	0.0
MRS2	0.0
MRTO4	0.0
MSANTD3	0.36203986893559764
MSC	0.10994282537969742
MSH6	0.0
MSI2	2.4740232700147615
MSL1	0.0
MSL3	0.0
MSMO1	0.0
MSRB3	0.0
MSX1	0.6550437038922143
MT-ATP6	11.608488237393901
MT-ND1	0.0
MT-ND6	0.0
MT1A	2.6383953171277037
MT1F	0.0
MT1X	0.9805430078819468
MT2A	24.7437705898617
MTA1	2.1773441325234937
MTERF4	0.06749316121458031
MTFMT	0.7065061022028497
MTHFD1	1.3533549059600845
MTHFD2	0.0
MTHFD2L	0.0
MTIF2	0.0
MTIF3	0.0
MTRF1L	0.0
MTUS1	0.9901839738754357
MTX1	0.0
MTX2	0.16548616956991852
MUC5AC	0.0
MUM1	0.0
MVB12A	0.16184631655254594
MVD	0.507015311579305
MVK	0.0
MXD4	0.0
MYADM	0.0
MYC	0.0
MYCBP2	0.0
MYEOV	1.326449009664706
MYH9	0.07541927693560103
MYL6	0.0
MYO10	0.0
MYO19	0.019450798570945508
MYO1B	0.0
MYOF	0.6824051001603311
MYPOP	0.0
MZT1	0.016792279076671173
N4BP2L2	0.04420284729349812
NAA15	6.666731728709528
NAA60	0.0
NACC1	0.0
NACC2	0.0
NAE1	0.0
NAMPT	0.0
NANS	0.022410706648938107
NAPA	0.0
NARF	0.03791862951117492
NARS	0.15167901114746898
NASP	0.11485107387601466
NAT14	0.10790424813852417
NBL1	0.1533156893693963
NBR1	0.0
NCAPD2	0.0
NCBP2	0.20099781116870355
NCBP3	0.2721668120022114
NCKAP1	0.36260342534805795
NCKAP5	0.0
NCL	0.85020382952509
NCLN	0.0303391580642007
NCOA3	0.0
NCOA7	0.392557176798925
NCOR2	0.0
NDFIP1	1.033083617390031
NDRG1	0.0
NDUFA10	0.0
NDUFA13	0.0
NDUFA5	0.0
NDUFA7	0.0
NDUFA9	0.0
NDUFAF4	1.74685075460679
NDUFAF6	0.0
NDUFB5	0.0
NDUFS2	0.0
NEAT1	5.366492014975022
NECAP2	0.16521779154516444
NEDD4L	0.14937372505821864
NEDD9	0.0049827822323601275
NEIL2	0.0
NEK2	0.0
NEK6	0.0
NELFB	0.2707422681279039
NEMF	3.16038566077005
NET1	0.0
NF1	0.5890569840671369
NF2	0.39749267815028755
NFAT5	0.0
NFE2L1	0.0
NFE2L2	0.0
NFIB	0.0
NFIC	1.6820650360780114
NFKB2	0.0
NFKBIA	0.44800980664309226
NFKBIB	0.24903657319462638
NFYB	0.0
NGDN	0.0
NGRN	0.0
NIFK	1.1077864701966993
NIP7	0.2103380343914797
NIPSNAP1	0.0
NIT2	1.318795650811763
NKAP	3.6684588296171556
NKIRAS2	0.0
NKTR	0.6192500801091614
NLN	0.0
NMB	10.704676590706555
NMRAL1	0.0
NMT1	1.3087659847634838
NMT2	0.0
NNMT	0.0
NOC2L	0.0
NOC3L	0.0
NOC4L	0.008477985785773141
NOL10	0.0658832887127458
NOL11	0.0
NOL3	0.0
NOL4L	0.0
NOL8	0.0
NOLC1	0.0
NOM1	0.0
NOP14	0.0
NOP2	0.15167901114746898
NOP58	0.15167901114746898
NOVA1	0.0
NPAS2	0.7065061022028497
NPC1	0.04198955692532825
NPC2	0.0
NPDC1	0.5163965131888767
NPEPPS	0.0
NPLOC4	0.4270250635681858
NPM1	0.0389672843763978
NPRL3	0.0
NPTX1	0.0
NQO1	1.801520078261826
NR0B1	21.433827141061197
NR2C2AP	0.0
NR2F2	0.0
NR3C1	0.0
NR4A1	0.0
NRAV	0.06189122872697648
NRBF2	0.0
NRBP1	0.022189353561281485
NRCAM	0.5412948210619701
NRDC	0.11770455032255125
NRG1	0.7697870054077333
NRGN	0.0
NRIP1	0.0
NRP1	0.0
NRP2	0.0
NSD1	0.44548837782526196
NSFL1C	0.079467716699064
NSL1	0.0
NSMCE1	0.0
NSRP1	0.014309709289711479
NSUN5	0.0
NT5C2	0.04032092702378015
NT5DC2	0.3341317882339295
NT5E	0.0
NTN4	0.0
NTS	0.0
NUAK1	0.0
NUAK2	0.0
NUBP1	0.0
NUCB1	0.0
NUCB2	0.0
NUCKS1	0.4312888699694897
NUDC	2.029080476389375
NUDT15	0.04032092702378015
NUDT19	0.4276249095680609
NUDT2	0.007646116331724465
NUDT21	0.07693005848221592
NUDT22	1.4797815410359756
NUDT3	0.03279726808600997
NUDT4	0.11770455032255125
NUDT8	0.0
NUF2	0.079467716699064
NUFIP2	0.0
NUMBL	0.022730680834108168
NUP155	0.0062918353749182926
NUP37	0.0
NUP62	0.04627193923119022
NUPR1	0.0
NUS1	0.0
NUSAP1	0.0
NUTM2A-AS1	0.0
NUTM2B-AS1	0.0
NXN	0.0
NXPE3	0.0
OARD1	0.0
OAS1	0.001705311319641641
OBFC1	0.0
OCIAD1	0.7705061312708577
OCIAD2	1.7467253441229524
ODC1	0.0
OGFOD3	0.0
OGFRL1	0.0
OPN3	0.6378127865058558
OPTN	0.0
ORAI2	0.0
ORAI3	0.0
ORC6	0.8136636313363466
ORMDL2	0.10833120823056538
OS9	0.08182529342902774
OSBPL9	0.0
OSER1	0.0
OSGIN1	1.2758463976981942
OTUD6B-AS1	0.14435537692928205
P3H4	0.0
PA2G4	0.275660255483264
PABPC4	0.04566934894556722
PACS1	0.0
PACSIN3	0.1654969709388978
PAF1	0.0
PAFAH1B2	0.06188303190982127
PAK1IP1	0.04130807500900699
PAK2	0.03791862951117492
PAK4	0.0
PALLD	0.0
PANK2	0.17851388377856126
PANK3	0.0
PAPPA	1.0073638442994792
PAPSS2	0.0
PAQR4	0.0
PAQR5	5.799317891819582
PARD3	3.9175176401109715
PARD6A	0.6311706911030374
PARD6B	8.15388690928462
PARP6	0.0
PARPBP	0.0
PART1	0.0
PAXIP1-AS1	0.0
PBDC1	0.0
PBK	0.06754765782090942
PBX1	0.0
PCDH9	5.4105210672524615
PCED1B	0.0
PCGF2	0.0
PCIF1	0.005298380918921006
PCM1	0.0
PCMT1	0.08182529342902774
PCNA	5.058015180563571
PCOLCE2	0.0
PCSK1N	4.126040676278587
PCSK7	0.0
PCYOX1	0.1900956899603003
PDCD10	0.0
PDCD2L	0.0
PDCD7	0.0
PDCL3	0.10239125946305971
PDDC1	0.0
PDE6D	0.2718946229284524
PDE8A	0.03525100713278372
PDGFA	0.0
PDHA1	0.0
PDHB	7.63745487371944
PDIA3	0.7327559467504091
PDIA4	0.0
PDK4	0.0
PDLIM1	0.0
PDLIM5	0.0
PDLIM7	0.0
PDRG1	0.0
PDS5A	0.07668330808542136
PDXK	30.56704834047145
PDZD8	0.0
PDZK1IP1	0.0
PEA15	0.0
PEF1	0.0
PEG10	1.3022437335676624
PELO	0.275660255483264
PELP1	0.0
PEPD	0.0
PER2	0.2665009785865326
PES1	0.0
PET100	0.0
PET117	0.5734957862578236
PEX10	0.04944079076988971
PEX2	0.22933368153470798
PFAS	0.0
PFDN6	0.0
PFKFB3	0.40662739546117455
PFKP	0.2633187187389101
PFN1	1.224001815797035
PGAM5	0.0
PGAP2	0.0
PGK1	0.0
PGM2L1	0.40528233359236404
PGRMC2	1.427141972452866
PHACTR2	0.0
PHAX	0.0
PHC2	0.31734829923455465
PHF20	0.12450177506294868
PHF20L1	41.39471039417024
PHF23	0.0
PHF3	3.5583409288060928
PHF6	0.0
PHGDH	0.1835990285058249
PHIP	0.0
PHKG1	0.0
PHLDA1	0.0
PHLDA2	0.0
PHLDA3	3.8970264192770414
PHLDB2	0.003161809792508161
PHLPP2	1.033083617390031
PIF1	0.0
PIGBOS1	0.15167901114746898
PIGF	0.024482353597868843
PIGH	1.484955091112673
PIGP	0.0
PIGW	0.0
PIGX	0.05712303036102432
PIH1D1	0.0
PILRB	0.0
PIM3	0.0
PIR	0.0
PITHD1	0.0
PITPNA	0.0
PITPNC1	4.237875381346371
PITX1	1.3162873604449352
PKDCC	0.0
PKIG	1.6843428885883849
PKM	6.243539828813504
PKN1	0.0
PKN2	0.1682933627247057
PLA2G12A	0.0
PLA2G16	1.2073270250359598
PLAU	0.0
PLAUR	0.0
PLCD3	0.0
PLCXD1	0.4682010851526464
PLEK2	0.0
PLEKHA3	0.19791418209677117
PLEKHB2	0.049781180392531155
PLEKHH2	0.0
PLEKHJ1	2.555034712537233
PLGRKT	0.0
PLIN2	0.0
PLIN3	0.1319165950543322
PLK1	0.0
PLK2	0.01663516091286374
PLOD2	0.0
PLPP5	0.0
PLS3	0.3253550401721175
PMAIP1	2.838559105372088
PMEPA1	0.4505755268114291
PMF1	0.0
PMP22	0.0
PMPCA	0.0
PMPCB	0.02593561919165232
PNISR	0.0
PNKP	0.0
PNO1	0.08725186437674012
PNPT1	0.538074476660614
PNRC1	0.0
PNRC2	12.589056173331057
PODXL	0.8844197532455627
POLR2A	0.0
POLR2D	0.0
POLR2H	0.0
POLR3D	0.0
POLR3G	0.26958535990944976
POLR3GL	0.0
POPDC3	0.3708673308008521
POR	0.0
PPA2	0.0
PPAN	0.048543554876091376
PPARG	0.10758877700897564
PPCS	0.0
PPFIA1	0.5927451552329338
PPFIBP1	7.6889402445991495
PPHLN1	0.15319006502588953
PPID	0.5536065016238074
PPIE	0.0
PPIF	0.20164387166656936
PPIG	1.0073638442994792
PPIH	0.03221088491150947
PPIL1	0.0
PPM1B	36.036309405779626
PPME1	0.10421483039026457
PPP1CB	0.0
PPP1R10	1.4136631206151031
PPP1R11	0.22933368153470798
PPP1R12A	0.3184727648619213
PPP1R14A	0.0
PPP1R15A	1.3316106758984256
PPP1R16A	0.12450177506294868
PPP1R35	0.4789604544231575
PPP1R7	22.17317657112464
PPP2CA	0.0
PPP2CB	0.0
PPP2R1A	0.08182529342902774
PPP2R2A	0.0
PPP2R3C	0.0635560619957542
PPP2R4	1.2047090879585411
PPP2R5C	0.15231954723795638
PPP2R5E	2.8421331648076977
PPP3CA	0.0
PPP4R2	0.08182529342902774
PPP4R3A	0.0
PPP4R3B	0.025653549527857863
PPP5C	0.4184874009049385
PPP6R1	0.0
PQLC3	0.0
PRADC1	0.3142047244011384
PRAF2	0.0
PRAME	0.0
PRC1	1.3087659847634838
PRCC	0.0
PRDX1	0.0
PRDX4	0.20256595070005892
PREB	0.04627193923119022
PRIM1	0.32713417691476543
PRKAG2	0.04627193923119022
PRKAR1A	0.01227359348224182
PRKAR2A	0.0
PRKCA	0.8133160975363269
PRKCDBP	0.13398705688027196
PRKCSH	0.0
PRKRIP1	0.0
PRKRIR	0.11901858848700185
PRMT1	0.1533497885484501
PRMT5	1.6861900500691611
PRNP	0.0
PROCR	0.0
PROSC	0.0
PROSER3	0.0
PRPF19	0.0
PRPF38B	0.0
PRPF4	0.474171831989463
PRPF4B	0.19327221024199465
PRPF6	0.28529476409893506
PRPF8	0.5525602826474185
PRPS1	0.0
PRPS2	0.0
PRPSAP1	0.06754765782090942
PRR11	0.0
PRR7	0.6316259638709505
PRR7-AS1	0.0
PRRC2A	0.0
PRRC2B	0.0
PRRT3-AS1	0.08831399371947879
PRSS23	10.78170309142474
PRSS3	0.0
PSAP	0.0
PSAT1	0.0
PSD4	0.0
PSIP1	0.5678985288011946
PSMA3	0.0
PSMA3-AS1	0.0
PSMA4	0.44662561771265274
PSMB1	0.0
PSMB3	0.0
PSMB4	0.0
PSMB6	0.580932863845055
PSMB9	0.0
PSMC1	0.7523875660299106
PSMC2	0.0
PSMC3	0.16184631655254594
PSMC3IP	0.0
PSMC4	0.0
PSMC6	0.0
PSMD1	0.0
PSMD10	0.0
PSMD12	0.5092683515370904
PSMD13	0.46879539052001074
PSMD2	0.13723559532461793
PSMD3	0.0
PSMD6	0.0
PSMD7	0.0
PSMD9	0.1393184020370806
PSME1	0.0
PSME2	0.04032092702378015
PSMG1	0.0
PSMG2	0.0
PSMG4	0.01663516091286374
PSPH	0.34717920131309093
PTBP3	0.0
PTCD3	0.079467716699064
PTDSS1	0.29144726471036947
PTEN	0.36203986893559764
PTGES	0.03287674006979634
PTGR1	1.7701448119393648
PTGS2	0.0
PTHLH	0.0
PTK2	0.0
PTMA	0.0
PTOV1	1.071568225597962
PTP4A1	0.9056726591741796
PTPN1	0.19622731154337675
PTPN12	0.0474750499293757
PTPN18	0.0
PTPN2	0.44662561771265274
PTPRA	0.0
PTPRF	0.022730680834108168
PTPRJ	0.0
PTPRS	0.0
PTRF	11.38217922238166
PTRH1	0.0
PTRH2	0.0
PTTG1	6.6235574496515675
PTTG1IP	0.0
PUM3	0.0
PURA	0.027080111445021284
PVR	0.0
PVRL2	0.0
PVRL3	0.0
PVT1	0.0
PXMP2	1.2170732966302393
PXN	0.0
PXN-AS1	0.18411443929431304
PYCARD	0.0
PYGB	1.0889246184740182
PYGL	0.0728315134050808
PYM1	0.0
QDPR	0.0
QKI	1.318795650811763
QSER1	0.0
R3HCC1	0.001705311319641641
R3HDM1	0.0
R3HDM2	0.0
RAB10	0.10992190130442851
RAB11B	0.0
RAB11FIP2	0.4337283223284123
RAB14	0.0
RAB15	0.0
RAB18	0.08034245011470928
RAB1B	0.01663516091286374
RAB21	0.0
RAB22A	0.0
RAB27B	0.0
RAB30-AS1	0.659328804536755
RAB31	0.0
RAB35	1.0337604330738122
RAB3B	0.0
RAB40B	0.0
RAB4B	0.0
RAB5A	0.0
RAB5B	0.0303391580642007
RAB6A	0.0
RAB8A	0.3706128818210526
RAB9A	0.06189122872697648
RABEPK	0.40528233359236404
RABGGTB	0.18714689675716278
RAC3	0.5092683515370904
RACGAP1	3.4417206046838746
RAD1	0.0
RAD21	0.15527677580925792
RAD50	0.0
RAD51D	0.0
RAD9A	0.0
RAE1	0.0
RAF1	0.0
RAI14	0.21904221276850144
RALA	0.19446679940063205
RALB	0.6667622633000075
RAP2B	0.0
RARA-AS1	0.0
RARG	0.0
RARS	0.06760152498380619
RASSF10	0.0
RASSF3	0.0
RASSF7	1.8709324706203603
RB1CC1	0.07295543480600089
RBBP4	0.031516489293505645
RBBP5	0.0
RBBP6	0.16548616956991852
RBBP7	0.10790424813852417
RBBP8	0.0
RBCK1	0.0
RBFA	0.08851233616397376
RBFOX3	0.0
RBM14	0.05104625126505927
RBM18	0.15167901114746898
RBM23	0.0
RBM25	0.079467716699064
RBM26	0.0
RBM28	0.38645199774887007
RBM42	0.0
RBM47	0.0
RBMS1	0.4184874009049385
RBMX2	0.01022630524940098
RBPMS	0.09729750171350089
RCC1	0.6742875149189022
RCC2	0.0
RCCD1	0.049762465023651545
RDH10	0.037607989284513574
RDH11	0.0
RDH14	0.13723559532461793
RDX	0.0
RECQL	0.0
REEP3	0.6997621573790104
REEP4	0.2741714494348567
REL	3.0831545651795795
RELB	0.0
REPIN1	0.0
RERE	0.36203986893559764
REST	0.0
REXO4	0.004477339293774207
RFC1	0.47410639813595723
RFC2	0.0
RFC3	2.4555412777525025
RFC4	0.37734378392579926
RGCC	0.0728315134050808
RGS14	0.02426698832007735
RGS19	0.16994093348777917
RGS2	0.0
RHBDD2	0.4215609692416268
RHOB	0.24198841410384642
RHOBTB3	0.29093348180948164
RHOD	0.39839024973111437
RHOQ	0.0
RHOV	0.0
RHPN2	0.12228774288623338
RIC8A	0.0
RICTOR	0.27159531347582283
RIF1	1.2047090879585411
RILP	0.0
RIN2	0.0
RMI2	0.0
RMND5B	0.0
RNASEH2A	0.0
RNASEH2B	0.0
RND3	0.3442768221910706
RNF11	0.0
RNF114	0.0
RNF115	0.0
RNF130	0.0
RNF135	0.0
RNF212	0.0
RNF220	0.0
RNF26	0.04680568271989279
RNF34	0.0
RNF40	0.0
RNF5	0.0
RNF8	0.0
RNMT	3.7450499673229394
RNMTL1	0.0
RNPEPL1	0.0
ROCK1	0.025653549527857863
ROCK2	0.0
RP1-267D11.6	0.0
RP11-1055B8.9	0.0
RP11-111M22.3	1.019897564510057
RP11-115C21.2	0.0
RP11-11N9.4	0.11770455032255125
RP11-12G12.7	0.015236084421113063
RP11-138A9.2	0.0
RP11-1391J7.1	0.0
RP11-160O5.1	0.0
RP11-254F7.4	0.0
RP11-294J22.6	0.0
RP11-295G20.2	3.1071692834828837
RP11-297J22.1	0.0
RP11-357H14.17	0.049781180392531155
RP11-38M8.1	0.0
RP11-390F4.6	0.0
RP11-390P2.4	0.0
RP11-400F19.6	0.0
RP11-408N14.1	0.20164387166656936
RP11-452F19.3	0.0
RP11-467L13.7	0.0
RP11-473M20.16	0.0
RP11-490M8.1	0.9056726591741796
RP11-498P14.5	0.0
RP11-499E18.1	0.0
RP11-505K9.1	0.0
RP11-51J9.5	0.0
RP11-538P18.2	0.0
RP11-545E17.3	0.10239125946305971
RP11-54H7.4	0.0
RP11-554I8.2	1.6014805189311954
RP11-563N4.1	0.0
RP11-620J15.3	0.1517037861316845
RP11-631N16.4	0.0
RP11-660L16.2	0.0
RP11-669N7.2	0.0
RP11-670E13.6	0.0
RP11-680F8.1	3.967078459349739
RP11-758H9.2	0.0
RP11-783K16.5	0.10790424813852417
RP11-792A8.4	0.4789604544231575
RP11-874J12.4	0.0
RP11-879F14.2	0.0
RP13-1032I1.7	0.0
RP13-463N16.6	0.0
RP4-555D20.2	0.0
RP5-908M14.9	0.0
RP5-943J3.2	0.0
RP9	16.709916410714428
RPA1	0.0
RPA2	0.0
RPE	0.15167901114746898
RPF2	0.0635560619957542
RPIA	0.12404653886294614
RPL22L1	0.0
RPL26	0.0
RPN2	1.9325517895839601
RPP30	0.0
RPP38	0.15167901114746898
RPS27	0.0
RPS27L	0.0
RPS4X	0.17851388377856126
RPS4Y1	0.3042461138992359
RPS6KA3	0.0
RPS6KA4	0.5856613191797448
RPS7	0.0
RPUSD1	0.0
RPUSD3	1.538235861844034
RQCD1	0.01644938822797245
RRAGA	0.08405497676918891
RRAS2	0.8272584571004082
RRBP1	0.0
RRM1	0.0
RRM2	0.01663516091286374
RRP1	0.0
RRP15	0.0
RRP1B	0.0
RRP36	0.0
RRP9	0.09768655024481931
RSAD1	0.11155182550523425
RSBN1L	0.0
RSF1	2.762108079025862
RSPO3	0.0
RSRC1	0.1460643136927361
RSRC2	0.6083017126906908
RTCA	0.0
RTCB	0.0
RTFDC1	0.06637598441963585
RTN2	0.0
RTN3	0.0
RTN4RL2	0.7121107429252672
RUSC1	0.024482353597868843
RUVBL1	0.05886722740384414
RWDD4	0.04032092702378015
S100A16	3.6328600220872818
S100A2	0.10421483039026457
S100A3	0.022410706648938107
S100A4	0.0
S100A6	0.0
S100P	0.0
S1PR3	3.4466203361844423
SAFB	0.0
SAFB2	0.0
SAMD1	0.0
SAMD11	0.0
SAMD4B	0.0
SAP30BP	0.0
SAP30L	0.27961383979223736
SAPCD2	0.0
SAR1A	0.5314959584118782
SAR1B	0.0
SARS	0.037607989284513574
SAT1	0.5493531495566886
SAV1	0.3900405640885583
SBDS	0.13909285599419743
SBF2-AS1	0.0
SBNO1	1.0172713798912585
SCAF1	0.0
SCAMP3	0.11707529811080053
SCAMP4	0.0
SCARB1	0.01663516091286374
SCCPDH	0.0
SCD	0.0
SCN1B	0.0
SCNM1	0.0
SCO1	0.0
SCO2	0.0
SCOC	0.0
SCP2	0.0
SCRIB	0.0
SDC1	0.39905382167451325
SDC4	0.0
SDCBP	0.024482353597868843
SDCCAG3	0.19446679940063205
SDF2	0.0
SDF4	0.38645199774887007
SDHAF1	0.10421483039026457
SDHAF2	0.21904221276850144
SDHAF3	0.10239125946305971
SDHD	0.0
SDPR	0.0
SDR39U1	0.127594483956598
SDSL	0.0
SEC13	0.0
SEC14L1	0.0
SEC22C	0.0
SEC61A1	0.11339526214329229
SEC63	0.0
SECISBP2	0.0
SELK	0.5565288334681551
SEMA3C	0.0
SENP6	0.0
SEPHS1	0.28025829327166085
SEPT1	0.0
SEPT11	0.0
SEPT7	0.985548464461119
SERINC2	0.0
SERINC3	0.0
SERPINB1	1.4359539851113683
SERPINB6	0.37968879220739266
SERPINE1	0.0
SERPINE2	0.0
SERPINH1	0.0
SERTAD1	0.0
SERTAD3	0.0
SERTAD4-AS1	0.0
SET	0.0
SETD5	0.0
SETD7	3.1727079759003622
SF3B1	0.15949827724209747
SF3B3	0.8262047334737213
SF3B4	0.0
SFN	0.0
SFRP1	3.1050367833347643
SFT2D2	0.0
SFXN1	0.03279726808600997
SFXN4	0.16548616956991852
SFXN5	0.0
SGK223	0.0
SGOL1	0.024482353597868843
SGOL2	0.0
SGTA	0.0
SH2D4A	0.0
SH3BGRL	0.5219953956210679
SH3BGRL3	0.12817660731205277
SH3BP4	0.0
SH3GLB1	0.0
SH3KBP1	0.0
SHARPIN	0.507015311579305
SHB	0.04420284729349812
SHISA4	0.0
SHKBP1	1.7058677781766889
SHMT2	0.08182529342902774
SHTN1	0.0
SIAH2	0.06920547918336235
SIRT7	0.0
SKAP2	0.0
SKIL	0.037607989284513574
SLBP	0.07668330808542136
SLC10A3	0.0
SLC12A2	0.0
SLC16A1-AS1	0.0
SLC16A3	0.0
SLC16A4	0.0
SLC20A1	2.1597284537213723
SLC22A18AS	0.0
SLC25A10	0.0
SLC25A13	0.0
SLC25A19	0.0
SLC25A26	0.0
SLC25A3	0.0
SLC25A33	0.08519021448224265
SLC25A4	0.0
SLC25A43	0.0
SLC25A6	0.0
SLC26A2	0.0
SLC27A2	0.0
SLC2A1	0.28529476409893506
SLC2A3	0.0
SLC2A8	0.0
SLC30A5	0.0
SLC35A4	0.10088108985615107
SLC35B2	0.024482353597868843
SLC35B4	0.0
SLC35C2	0.060278124881049056
SLC35D2	0.0
SLC35F2	0.0
SLC35F6	1.0073638442994792
SLC36A4	0.0
SLC39A10	0.0
SLC39A14	0.0
SLC39A3	0.17091264660285568
SLC3A2	0.0
SLC40A1	0.0
SLC44A1	0.0
SLC48A1	1.4635064812899667
SLC4A2	0.5985132729940674
SLC4A7	0.0
SLC50A1	0.0
SLC5A6	0.0
SLC6A6	0.0
SLC7A1	0.4819652632917855
SLC7A5	0.0
SLC9A3R1	0.0
SLC9A3R2	0.05004022709204526
SLF1	0.0
SLF2	0.06587371349277153
SLK	0.0
SLU7	0.0
SMAD2	0.0
SMAGP	0.004477339293774207
SMAP1	0.37734378392579926
SMARCA1	0.0
SMARCA5	0.5927451552329338
SMARCB1	0.4836886803083469
SMARCC1	0.0
SMARCC2	7.995742165204939
SMARCD1	12.547025893078992
SMARCD2	0.0
SMARCE1	0.2590531782773771
SMC1A	0.0
SMC2	0.0
SMC4	0.6255077807161729
SMC5	0.0
SMC6	0.15167901114746898
SMCHD1	0.0
SMCO4	0.0
SMG1	0.0
SMIM13	0.18212380402405007
SMIM14	0.0
SMIM19	1.0471801343795863
SMIM4	0.11026895583455419
SMKR1	0.005813705764582512
SMOX	1.2647148051937716
SMYD2	0.0
SNAP47	0.03456891750292452
SNAPC1	0.0
SNCG	0.20742164759619777
SNHG10	0.6767100365506001
SNHG12	0.0
SNHG19	0.8492946284266534
SNHG21	0.30254211227956906
SNHG25	1.06934899757779
SNRNP200	0.15167901114746898
SNRNP27	0.0
SNRNP40	0.0
SNUPN	0.0
SNW1	0.0
SNX12	0.06486009083107586
SNX2	0.0
SNX6	0.0
SNX8	0.03221088491150947
SOCS2	3.88748141960828
SOCS3	0.3501373063108314
SOCS6	17.92425492645467
SOD2	0.0
SON	0.045032580914834586
SOWAHC	0.0
SOX12	0.8495735844045667
SOX2	0.0
SOX4	0.0
SOX9	0.0
SPAG9	0.36203986893559764
SPANXB1	0.0
SPATA20	0.3733336105536629
SPATA33	0.0
SPATS2	3.957973235693061
SPATS2L	0.30232998453942256
SPC25	0.0
SPCS2	0.01663516091286374
SPCS3	0.0
SPDL1	0.0
SPECC1	0.0
SPG7	0.0
SPHK1	0.7275692294690144
SPINT2	0.07430687613408674
SPNS1	0.0
SPOCK1	0.0
SPP1	0.08259013533756941
SPPL3	0.0
SPRED2	3.4417206046838746
SPRYD4	0.0
SPRYD7	0.1533156893693963
SPSB2	1.0293747942158988
SPTAN1	0.21601252032544865
SPX	0.0
SQLE	0.06881680983724527
SQRDL	0.0
SRC	0.0
SREBF1	7.531968990937856
SREK1	0.0
SREK1IP1	0.0
SRGAP1	0.0
SRGN	0.1900956899603003
SRP68	0.8495735844045667
SRP72	0.0
SRPK1	0.0
SRPK2	0.0
SRRD	0.0
SRRT	0.0
SRSF11	0.0
SRSF3	0.0
SRSF4	0.0
SRSF6	21.106846064004756
SRSF8	0.0
SS18L2	0.13775426373456123
SSB	0.0
SSBP1	0.0
SSBP4	0.0
SSFA2	0.0
SSH2	0.0
SSR1	0.07483895718057766
ST3GAL4	0.0
ST3GAL5	12.446921043545698
ST6GAL2	0.0
STAG2	0.0
STAMBP	0.0
STAMBPL1	0.0
STARD10	0.0
STARD3NL	0.3442768221910706
STAT1	0.0
STAT3	0.5927451552329338
STAU1	0.07098184587163349
STC1	0.0
STC2	0.0074748064486434476
STEAP1	0.0
STK16	0.588872738695067
STK17A	0.0
STK24	0.05114804219443573
STK25	0.0
STK32C	0.19446679940063205
STMN1	0.0
STOM	0.0
STRADB	0.721789702022508
STRBP	0.0
STRN3	2.9888164746123964
STT3B	0.3341317882339295
STX2	0.0
STX4	15.97390771772588
STX8	0.0
SUGT1	1.033083617390031
SULF2	0.0
SULT2B1	0.0
SUMF2	0.16217176564837332
SUN1	0.6781786997148581
SUPT16H	10.150546529360968
SUPT5H	9.12871692630779
SUPT6H	0.04420284729349812
SURF1	0.0
SUSD2	0.0
SVBP	0.0
SVIL	0.0
SWAP70	0.0
SYCE1L	0.0
SYF2	0.0
SYNCRIP	0.01644938822797245
SYNE1	0.0
SYNGR1	0.0
SYNJ2BP	0.02593561919165232
SYNM	0.0
SYNPO	0.8400892287269571
SYPL1	0.0
SYT1	4.646469066867255
TACC1	0.0
TACC2	12.122396015446562
TACC3	0.0
TACO1	0.15167901114746898
TAF11	0.0
TAF12	0.11026895583455419
TAF15	0.030468613461573733
TAF1D	5.773270176665513
TAF6	0.0
TAF7	0.0
TAGLN	0.0
TAGLN2	6.929391735508055
TALDO1	4.839712449850278
TANK	0.0
TAOK1	0.44968541165983267
TAOK3	0.0
TAPBP	0.0
TARDBP	0.0
TAX1BP1	1.178557950182872
TBC1D20	0.07955905156889675
TBL1X	8.001293849582877
TBL1XR1	0.0
TBPL1	54.393432583191185
TBRG1	0.09827597634886757
TBRG4	0.0
TBX2-AS1	0.0
TBX3	0.08034245011470928
TBXAS1	0.0
TCEA2	1.6253746651292138
TCEAL3	0.0
TCEAL8	0.0
TCEB3	0.0
TCERG1	0.0
TCF25	0.47197778349602393
TCHP	0.031793883893693135
TCOF1	0.0
TCTEX1D2	0.0
TCTN1	0.0
TDG	0.0
TDP2	0.0
TEAD1	0.2665009785865326
TEAD4	2.0766787983995307
TECR	0.0
TERF1	0.0383880336778615
TES	0.0
TESC	0.8510324646221109
TEX261	0.05406169983036777
TEX264	0.1533156893693963
TEX30	0.0
TFAP2A	0.037607989284513574
TFAP2C	0.0
TFDP2	0.0
TFF1	3.0484493922847467
TFG	0.0
TFPI	0.5997625147135695
TFPI2	2.077641078773702
TFRC	0.12590373751300252
TGFB2	11.498853848659632
TGFBI	0.0
TGFBR1	0.03221088491150947
TGFBR2	0.11770455032255125
TGM2	0.0
TGOLN2	0.5977118098915764
TGS1	0.0
THAP11	0.0
THAP2	0.0
THAP4	0.04032092702378015
THAP7	0.13292192230430053
THBD	0.0
THEM4	0.0
THG1L	0.0
THOC2	0.0
THOC3	0.0
THOC6	1.4510865981517218
THRAP3	0.0
THSD4	0.0
THUMPD1	0.0
THUMPD2	0.0
THUMPD3	0.0
THUMPD3-AS1	2.655384503910172
TIAL1	0.0
TIGAR	0.0
TIMELESS	0.049781180392531155
TIMM10B	0.14784105859767638
TIMM23	0.0
TIMM44	0.0
TIMMDC1	0.026221952839963106
TIMP1	0.0
TIMP2	0.43685641290373134
TIPIN	0.0
TIPRL	0.43685641290373134
TJP1	1.370637259829902
TKT	0.0
TLCD1	0.022189353561281485
TLE1	0.22933368153470798
TLE4	0.0
TLK1	39.916024660439
TLK2	5.831876649758269
TLN1	0.0
TM2D2	0.13361011712597679
TM2D3	0.0
TM4SF1	0.32490815288026875
TM4SF18	0.0
TM4SF20	0.0
TM7SF3	0.31142074800225467
TM9SF3	0.2707422681279039
TMA16	0.0
TMC5	0.0
TMED1	0.16474736932600736
TMED10	0.26958535990944976
TMED4	22.08023403576503
TMED7	1.318795650811763
TMEM106B	0.0
TMEM107	0.21904221276850144
TMEM109	0.0
TMEM120B	0.049762465023651545
TMEM121	0.0
TMEM132A	0.0
TMEM136	0.0
TMEM138	0.13361011712597679
TMEM156	0.0
TMEM158	0.0
TMEM165	0.3738121456935591
TMEM177	0.0
TMEM18	0.0
TMEM189	17.68191389915462
TMEM19	0.0
TMEM199	0.19446679940063205
TMEM2	0.0
TMEM218	0.0
TMEM223	0.25102779056953367
TMEM237	0.0
TMEM243	0.0
TMEM245	0.0
TMEM248	0.008477985785773141
TMEM251	0.3194420390211279
TMEM259	0.001705311319641641
TMEM263	0.0
TMEM30A	0.0
TMEM33	0.0
TMEM41A	0.0
TMEM41B	0.0
TMEM50A	0.22933368153470798
TMEM55B	0.0
TMEM56	0.0
TMEM59	0.0
TMEM60	0.01703470698507207
TMEM70	0.10790424813852417
TMEM9	0.010288896435524702
TMEM92	0.0
TMEM98	0.5734957862578236
TMEM99	1.5855876490971355
TMEM9B	0.12450177506294868
TMPO-AS1	0.0
TMX1	0.0
TMX2	0.08851233616397376
TMX4	0.0
TNFAIP1	7.4705117248161965
TNFAIP2	0.07955905156889675
TNFAIP8	0.0
TNFRSF10B	0.0
TNFRSF12A	1.704921511796546
TNIP1	0.0
TNIP2	0.0
TNNT1	0.0
TNPO3	1.211074095869418
TNRC6A	1.0355316926833222
TNRC6B	0.0
TNS3	0.0
TNS4	0.0
TOB1	0.037607989284513574
TOLLIP	0.0
TOMM70A	0.0
TOP1	0.5020810940136672
TOP2A	0.0
TOP2B	0.0
TOPBP1	0.17940889291933484
TOR1A	0.0
TOR1AIP2	1.6422252438642078
TOR3A	0.6644669791641531
TOX4	0.15167901114746898
TP53	0.0
TP53I11	0.0
TP53I13	4.125948487904536
TP53I3	0.0
TP53TG1	0.8272584571004082
TPBG	0.0
TPD52L1	0.0
TPD52L2	0.0
TPGS1	0.0
TPM1	0.0
TPM2	6.528441740040116
TPR	0.00044753363278129065
TPRA1	0.0
TPX2	0.29144726471036947
TRA2A	0.0728315134050808
TRABD	0.0
TRADD	0.0898014219644457
TRAF2	0.2707422681279039
TRAF3IP1	0.0
TRAF4	0.4869285574070925
TRAF5	0.0
TRAF7	0.01663516091286374
TRAM1	0.0
TRAP1	0.08234196820023781
TRAPPC10	0.0
TRAPPC4	0.5254457739251274
TRAPPC6A	0.0
TRIB3	0.0
TRIM37	0.0
TRIM44	0.0
TRIM47	0.0
TRIM56	0.031516489293505645
TRIM59	0.0
TRIM65	0.0
TRIM7	2.5304188098625366
TRIML2	4.994940113533935
TRIOBP	0.0
TRIP12	0.0
TRIP13	0.1151945666999787
TRIP6	0.0
TRMT10C	0.0
TRMT6	0.0
TRMT61A	0.0
TRNP1	0.05378382208982408
TROVE2	0.0
TRPT1	0.2330175436474027
TRUB2	2.579401528806655
TSC22D1	17.96243278366755
TSC22D4	0.2685828788017096
TSEN15	0.2143548323182969
TSEN54	0.0
TSFM	0.0
TSG101	1.015816170394055
TSN	0.00044753363278129065
TSNAX	0.5069206633542751
TSPAN13	0.0
TSPAN14	0.0
TSPAN15	0.0
TSPAN17	0.40014916060901706
TSPAN3	0.24514163631793967
TSPYL1	0.0
TSR1	0.0
TSR2	0.16184631655254594
TSSC1	0.3604270094308868
TSTA3	0.47686368901284265
TTC1	0.0
TTC19	0.0
TTC32	0.0
TTC39C	0.0
TTF1	0.2500179926373698
TUBA1A	0.0
TUBA1B	0.0
TUBA1C	0.0
TUBA4A	0.0
TUBB	0.0
TUBB4B	0.0
TUBB6	0.0
TUBGCP2	0.17851388377856126
TUG1	0.0
TUSC1	0.0
TUSC3	0.0
TWF1	0.18212380402405007
TWIST2	0.19446679940063205
TWISTNB	0.0
TXN	1.1429738819945918
TXNDC12	0.0
TXNDC9	0.340662463261807
TXNRD1	0.0
TXNRD2	0.1713738191889941
TYMP	0.3708673308008521
TYW3	1.1862187454284423
U2AF1L4	6.4703503303572365
U2AF2	0.1654969709388978
UACA	0.0
UAP1	0.0
UBA1	0.06637598441963585
UBALD1	0.1533497885484501
UBALD2	0.0
UBAP2	0.0
UBAP2L	0.0
UBASH3B	0.15167901114746898
UBB	0.0
UBC	0.0
UBE2B	8.91888447555328
UBE2C	0.0
UBE2D1	0.0
UBE2D4	0.6327821858110751
UBE2E1	0.6929803471496645
UBE2E2	0.0
UBE2G1	0.0
UBE2G2	0.25618631067629843
UBE2H	0.43685641290373134
UBE2J1	0.07595850040749356
UBE2J2	0.0062918353749182926
UBE2Q2	2.634214255572299
UBE2S	0.0
UBE2T	0.0
UBE2Z	0.0
UBE3A	0.11770455032255125
UBE3C	0.0
UBL4A	0.6567927997027738
UBL7	3.6442000718582923
UBN1	0.0
UBP1	0.0
UBQLN1	0.0
UBR4	0.05406169983036777
UBTD1	0.0
UBTF	0.0
UBXN2A	1.5889831395766296
UBXN4	0.507015311579305
UCHL3	0.0
UCHL5	0.0
UCK2	0.0
UCP2	0.2826677163749772
UFM1	0.27716985782102416
UGP2	0.0
UHMK1	0.141944043968602
UHRF1	0.0
UMPS	0.0
UNC119	1.033083617390031
UNC119B	0.0
UNC50	0.0
UNC93B1	0.0
UNG	0.0
UNK	0.6997621573790104
UNKL	0.6352952853503226
UPF2	0.0
UPF3A	0.6391196831146567
UPF3B	0.016792279076671173
UPK1B	0.0
UQCRC1	0.0
UQCRC2	0.15527677580925792
URB1-AS1	0.0
USO1	3.1071692834828837
USP1	0.0
USP10	0.013983687864301549
USP12	0.0
USP14	0.11387937718260374
USP3	0.0
USP34	0.0
USP39	3.7059128319585253
USP7	0.28754865531522467
USP8	0.01663516091286374
USP9X	0.0
UTP11L	0.0
UTP18	0.0
VAMP2	0.01644938822797245
VAMP3	0.0
VAMP8	0.01819867447823588
VASP	1.0716668467889487
VCL	0.15167901114746898
VDAC3	0.0
VEGFB	0.0
VEZT	1.2190271126081356
VGF	0.0
VIM	0.03137128276333046
VKORC1L1	0.0
VOPP1	1.5952126411630445
VPS25	0.0
VPS26A	0.0
VPS28	0.06940767695686237
VPS35	0.8016252453684214
VPS4A	0.0
VPS53	4.40813007353345
VPS9D1-AS1	0.0728315134050808
VSIG10	0.0
VSTM1	0.0
VTA1	0.15167901114746898
WAC	0.0
WAC-AS1	0.0
WAPL	0.0
WARS	0.0
WASF2	0.3341317882339295
WBP11	0.0
WBP2	0.0
WBP4	0.0
WBP5	0.10541728584676083
WBSCR16	0.0
WBSCR27	0.0
WDR1	1.2968502857664765
WDR13	0.11901858848700185
WDR18	0.15260010355257483
WDR33	0.01663516091286374
WDR4	0.18212380402405007
WDR45	0.0
WDR46	0.016379357304167678
WDR5	0.0
WDR61	2.54166369277975
WDR73	0.0
WDR74	0.15167901114746898
WDR76	0.6188564445831728
WDR77	0.0
WDR82	0.05446786279180786
WDYHV1	0.009339586918707458
WHSC1	0.0
WIPF2	1.2263849776580407
WIPI2	0.04420284729349812
WNT7B	5.1055246740904785
WRB	0.0
WSB2	0.176423075183452
WTAP	0.2211712382848298
WTIP	0.09587396945708199
WWC1	0.03456891750292452
WWTR1	12.739570019873717
XBP1	0.04627193923119022
XIAP	0.0
XPC	0.0
XPOT	0.32713417691476543
XRCC2	1.071568225597962
XRCC5	0.229832748183317
XRCC6	0.06637598441963585
XRN2	0.01663516091286374
XXyac-YM21GA2.4	0.0
XYLT2	0.0
YAF2	0.0
YARS	1.081644125188576
YBEY	0.0
YEATS4	1.2452932581830196
YIF1B	0.3501373063108314
YIPF4	0.03343071723152412
YIPF6	0.05525797642854091
YKT6	1.7141780160768436
YME1L1	0.0
YPEL3	0.0
YPEL5	0.0
YRDC	0.0
YTHDC1	0.9048727414943059
YTHDF1	0.0
YTHDF2	0.0
YWHAE	0.24703232656619428
ZBED1	0.0
ZBED5	0.0
ZBED5-AS1	0.0
ZBTB38	0.0
ZBTB7A	0.0
ZBTB8OS	0.33997380563221524
ZC3H13	4.126040676278587
ZC3H14	0.8136636313363466
ZC3H18	0.6456823218576788
ZC3H4	5.331902552307695
ZC3H8	0.022730680834108168
ZC3HAV1	5.2438234880650745
ZCCHC10	0.0
ZCCHC11	0.0
ZCCHC17	0.0923261614394053
ZCCHC8	0.0
ZCCHC9	0.0
ZDHHC16	0.3867587933627344
ZDHHC24	1.0355316926833222
ZDHHC3	0.22514486772827774
ZDHHC4	0.8004123036303548
ZDHHC6	0.02593561919165232
ZDHHC7	0.0
ZEB1	0.0
ZFAND1	0.5927451552329338
ZFAND2B	21.313445825062107
ZFAS1	6.347491395922425
ZFHX3	0.0
ZFP36L1	0.0
ZFP36L2	0.0
ZFPL1	0.0
ZFPM1	0.6381010904873083
ZFR	0.0
ZFX	0.0
ZFYVE21	0.0
ZKSCAN1	0.0
ZMAT3	0.0
ZMAT5	0.0
ZMYND19	0.47197778349602393
ZNF106	0.0
ZNF131	0.0
ZNF185	0.0
ZNF22	0.0
ZNF280D	0.12450177506294868
ZNF281	0.0
ZNF302	0.0
ZNF32	0.7785982432213062
ZNF326	0.09415190378041571
ZNF37A	0.0
ZNF444	0.0
ZNF480	0.0
ZNF518A	0.0
ZNF524	0.5927451552329338
ZNF544	0.03343071723152412
ZNF576	0.15167901114746898
ZNF579	0.0
ZNF581	0.127594483956598
ZNF622	0.0
ZNF638	0.0
ZNF652	0.0
ZNF655	0.15167901114746898
ZNF664	0.0
ZNF768	0.0
ZNF770	0.0
ZNF771	0.0
ZNRD1	0.024482353597868843
ZNRF1	0.0
ZP3	0.0
ZPR1	0.0
ZRANB2	0.0
ZWILCH	0.27087531960501277
ZWINT	0.11980192864508693
ZYX	0.01663516091286374