A1BG	0.2673895474959805
AAK1	0.08317018185459978
AAMP	0.4802459608931074
AARS	0.06280711156144575
AATF	0.26241770462179087
ABCC1	0.148320090084714
ABCC2	0.06864183714651309
ABCD4	0.19582016636256316
ABCE1	0.02749150450915356
ABCF1	0.038197179438862555
ABCG2	0.18884435851676126
AC006262.5	0.45953357995533733
AC009133.12	0.10145550847118144
AC093673.5	0.11594514932161183
ACAT1	0.0039028477540915423
ACAT2	0.14884560703496094
ACTA2	0.11098193460201301
ACTB	0.0018736781555959501
ACTG1	0.030486487555877118
ADAM17	0.03945815772486137
ADAM9	0.15301678884160558
ADAR	0.08103948566903957
ADGRG1	0.06486457380215448
ADH5	0.010709485259840772
ADIPOR2	0.36211459465347745
ADM	0.10987843786961701
ADNP	0.07051756714853583
ADSL	0.3515845220641533
AEN	0.40695769129197484
AFMID	0.0812073575889553
AGAP2-AS1	0.0980968654554098
AGR2	0.11293084124581532
AGTRAP	0.08968883920624886
AHI1	0.3009498388278265
AHNAK2	0.07550728570096561
AIFM1	0.1149206324249993
AIFM2	0.09530095449602397
AIMP1	0.08667821747403597
AIMP2	0.22940472240727866
AIP	0.18468850762650088
AJUBA	0.030787154486984665
AKAP12	0.0375908343282259
AKAP17A	0.06172536152599979
AKAP9	0.18011366721120264
AKIRIN1	0.07214456732904202
AKR1B1	0.12371646467429327
AKR1B10	0.11047987492665338
AKR1C1	0.09737141068471343
AKR1C2	0.144810773727735
AKR1C3	0.08226424993456294
AKR7A2	0.20648993665499485
ALCAM	0.11354372309351336
ALDH1A1	0.13391155420237014
ALDH2	0.17168573360140446
ALDH3A1	0.0063138198882654395
ALDOA	0.18203271419105962
ALX1	0.03174455519063384
ALYREF	0.1977249816227106
AMIGO2	0.4397609226086359
ANG	0.07705969404422809
ANGPTL4	0.03974269495615699
ANKIB1	0.037910226590449375
ANKLE2	0.15900965904880943
ANKRD1	0.1824687547993185
ANKRD28	0.017836809199073846
ANKRD29	0.03575871606113501
ANKRD30A	0.09552017587681026
ANKRD37	0.0066940457380508895
ANKRD40	0.23910430002496555
ANLN	0.005043566018482052
ANP32E	0.2552421722683058
ANTXR1	0.02144613345123407
ANXA1	0.09401341897303335
ANXA2	0.3371358349542828
ANXA3	0.06958846700821675
ANXA4	0.47120682058350155
ANXA7	0.07693795219126184
ANXA8L1	0.10294143371579151
AP1G1	0.0876860805269905
AP1M2	0.10819180468772338
APITD1	0.1047445802533775
APLP2	0.05989378843398497
APMAP	0.2913866019527162
APOBEC3C	0.04574580844529435
APOC1	0.24927549760724171
APOE	0.026454004699744266
APP	0.13398211224952286
APPL1	0.0799720113210711
AQP3	0.0523302647116217
AR	0.018630590176742193
AREG	0.058130932870149865
ARF4	0.0051852846244871695
ARHGAP11A	0.005455516811788723
ARHGAP11B	0.0236066499241456
ARHGAP18	0.5117381161195287
ARHGAP29	0.46003172650834734
ARHGAP35	0.07474164603296579
ARHGAP5	0.16433440360706922
ARID4B	0.0012461492217532319
ARL1	0.15490612489627706
ARL4C	0.5518147185022967
ARL4D	0.19411763815151514
ARL6IP1	0.09303623798854144
ARL6IP5	0.060509519914287706
ARPC3	0.28146258752445136
ARRDC1-AS1	0.09265965216641771
ARRDC3	0.011809295497602016
ASCC3	0.10764258525970317
ASGR1	0.0053933831009244666
ASNS	0.30290764172468754
ASPHD1	0.21110880710688237
ASPM	0.0830162004245844
ATAD2	0.05902667734557839
ATAD5	0.2205920704688081
ATE1	0.016110192757837594
ATF3	0.032611668233415145
ATF4	0.2247989549788617
ATF5	0.2291125642105543
ATIC	0.0411078771271437
ATOH8	0.03937371578812405
ATP1B1	0.25950323167806055
ATP1B3	0.32098463377588976
ATP2A1-AS1	0.05933658080115878
ATP2A2	0.21455280898769727
ATP5A1	0.10171427058866143
ATP5B	0.09203974905707966
ATP6AP2	0.278579345114972
ATP6V1D	0.0868142094708904
ATP6V1E1	0.08219212582256358
ATP6V1E2	0.03462045039460926
ATXN10	0.1651209103939291
ATXN2	0.05277712743794188
AURKA	0.016929054048255506
AURKB	0.34049489579889114
AVPI1	0.15107062385714676
AXL	0.27339135203435005
B2M	0.04311641952678798
B3GALNT2	0.025343084859636628
B4GALT1	0.41110758615907167
B4GALT5	0.20268991022744112
B9D2	0.10488950759987017
BAG2	0.12581407716574322
BAMBI	0.2187884502024278
BATF3	0.18502841256818117
BAZ1A	0.0248003834470939
BBC3	0.04884945764885521
BCAM	0.2903898375904132
BCAS1	0.137999405187551
BCAS4	0.1303527056219015
BCAT1	0.06603483182233111
BCCIP	0.1883496783807064
BCL2L1	0.21400454441364883
BCL3	0.11524653023296179
BCYRN1	0.08557093114425754
BDKRB2	0.06648826552872752
BDNF	0.15133183120406152
BEX2	0.025244965819963622
BHLHE40	0.592960357982663
BICC1	0.3340318080536679
BIRC3	0.07953262026772785
BIRC5	0.07731447254193598
BLOC1S4	0.045447084057508136
BLVRA	0.044698879786020884
BLVRB	0.14513849961041972
BMP4	0.17938200611644065
BOLA1	0.007768775239808345
BOP1	0.11548522470157492
BRCA1	0.2227067863636915
BRD2	0.02297774366775447
BRD3	0.14417259405462549
BRIX1	0.15091217072712257
BROX	0.07942579824871658
BTBD11	0.3062812908705181
BTF3L4	0.03361218042622137
BTG1	0.3027349891757295
BTG2	0.06847169329730503
BUB1	0.011880163150233478
BUB3	0.4647375713567986
BZW2	0.09514618654922033
C10orf54	0.08873782334998459
C11orf86	0.1525925658161979
C12orf49	0.04602909954846789
C12orf65	0.21313877188771113
C12orf75	0.3060456245828484
C15orf48	0.16048050482320197
C16orf74	0.12870440256164137
C16orf91	0.04674457406061428
C19orf48	0.24048872221150572
C19orf81	0.25047974722279837
C1D	0.07367519599628956
C1QL1	0.17946056915600195
C1QTNF6	0.0011486760628818219
C1S	0.16072397291997106
C1orf131	0.09458006653151034
C1orf174	0.05704799005096169
C1orf21	0.13349175356645385
C1orf35	0.31147786216694645
C1orf56	0.047094676839679
C1orf61	0.11787890519525226
C21orf58	0.13337794913359713
C2orf82	0.21627384867305724
C6orf1	0.2730413708056677
C6orf141	0.21453534180717887
C6orf62	0.12583138229805899
C8orf4	0.10892359681056407
CA12	0.5452423567528079
CACNG6	0.1332945348961914
CACNG8	0.11642179084116955
CACUL1	0.23059876493272097
CACYBP	0.02029041517252244
CADM2	0.0018066202881330327
CALB2	0.010587797579877262
CALM2	0.13409452102703331
CAMK2N1	0.14051995958130847
CAMLG	0.04886466197771858
CAND1	0.00019468016396286163
CAPG	0.1118659489841481
CAPN12	0.11639736271492222
CAPZA1	0.450267916668214
CASC10	0.32200300509518204
CASC15	0.1649823716366262
CASC8	0.1851254852999698
CAST	0.2414992165892971
CAV1	0.19247440476912847
CBR3	0.022709339713506565
CBX6	0.21490256220683918
CCAR1	0.025007526733285896
CCDC106	0.06843180211622325
CCDC12	0.15347287874338303
CCDC47	0.40731251444897143
CCDC57	0.12964767181983747
CCDC80	0.5325979846310561
CCDC86	0.2022144526597829
CCL2	0.06670630629425547
CCL26	0.10699308732436762
CCNA2	0.18155528575301527
CCNB1	0.10003679952749517
CCNB2	0.23441207317424154
CCND1	0.0009563438602359108
CCND3	0.13960431202763698
CCNE1	0.05126071308725713
CCNF	0.02258038479581976
CCNYL1	0.11894233580690446
CCPG1	0.37171991638418617
CCT2	0.17410931073059693
CCT3	0.0003016769615136545
CCT4	0.25776915915866416
CCT5	0.12819786935713126
CCT6A	0.3118769032319896
CCT7	0.13062890788539658
CCT8	0.3320925349818071
CD24	0.23659976662068352
CD3EAP	0.228844462973627
CD44	0.02733087142745223
CD46	0.00656512467422506
CD55	0.09006962680223606
CD63	0.09600523164882878
CD70	0.2600095452260791
CD81	0.0693501075971031
CD9	0.12240057935830266
CDA	0.027710349093761532
CDC123	0.24011593134487028
CDC20	0.03425615602551729
CDC27	0.009492067574829656
CDC42	0.07520309449641767
CDC42BPA	0.16673859133139446
CDC42BPB	0.16491359581228418
CDC42EP1	0.06614872404519603
CDC42EP3	0.002816556553131742
CDC42SE1	0.04939322859450427
CDC6	0.27046416891641484
CDCA2	0.45449817062301945
CDCA3	0.04927653259502358
CDCA4	0.2710587254847117
CDCA5	0.061065181429688774
CDCA7L	0.07694212122844815
CDCA8	0.02975985893533684
CDK1	0.03715601896827846
CDK5RAP2	0.20654180226245578
CDK6	0.10363899512885652
CDK7	0.010594123078199676
CDKN1A	0.4479872236245128
CDKN2C	0.1424828207035746
CDKN3	0.24065889061478735
CDT1	0.2734926990614552
CEACAM6	0.055278880002165985
CEBPB	0.14088758059373485
CEBPD	0.24962701062462272
CELF1	0.10248574303597191
CENPA	0.26638122629609323
CENPB	0.11794868948570761
CENPE	0.08460000469523364
CENPF	0.13604771154387157
CENPU	0.5025571796575888
CEP290	0.23369496334054451
CEP350	0.11824869543403221
CEP55	0.4318366193741574
CES1	0.04626038450870193
CFAP20	0.13107969548465243
CFAP97	0.19366152968649655
CFLAR	0.13484663983963402
CH17-360D5.2	0.3394049998233771
CHAF1A	0.4547853342866895
CHD1	0.37060491955991126
CHD4	0.15275462115190208
CHD9	0.1973303495727249
CHEK1	0.08829190322111591
CHML	0.37625387782070024
CHMP1B	0.3019028326446078
CHP1	0.4125644309037338
CIAO1	0.15186322489047382
CIAPIN1	0.051835034600437147
CIB2	0.013567220213215216
CITED4	0.13584220184137863
CKAP2	0.21136866355677345
CKAP2L	0.018397441661962114
CKAP5	0.12556843600466525
CKB	0.016126756812236877
CKS2	0.00289384312641244
CLDN2	0.1657888143975692
CLDND2	0.3202478227629585
CLEC11A	0.2456507103304703
CLIC1	0.15831654082146132
CLIC3	0.02685477458772029
CLINT1	0.15212564603078596
CLPTM1	0.0483451006743705
CLSPN	0.20772062539386302
CLU	0.17094809956764867
CMB9-22P13.1	0.20704918035330996
CMTM3	0.19583238089953223
CMTM6	0.2218238293396162
CMTM7	0.29077798379080766
CNN2	0.09598559206068132
CNN3	0.21508472197885514
CNP	0.103689078555267
CNTN1	0.22829656941713253
CNTNAP3B	0.1637969709104405
COIL	0.06620485948958707
COL18A1	0.12245560092565577
COL4A2	0.021864056763732927
COL5A1	0.1471143690022601
COL5A2	0.4267982096116507
COMMD3	0.15511137254395488
COMTD1	0.08959357422157553
COPS5	0.42867267607850684
COPS6	0.5177403296674873
CORO1C	0.11346579350318228
CPLX2	0.20032618775408434
CPS1	0.2377063301983209
CPT1C	0.0314868789167799
CRABP2	0.01153154722486647
CRACR2B	0.01929217869438373
CREBRF	0.09648573923371453
CRELD2	0.2502464853044033
CRIM1	0.1318868961813055
CRIP2	0.6482008591816378
CRTC3	0.11435035301423466
CSAG1	0.04081698876666754
CSE1L	0.08536803194943994
CSF1	0.32732080646852646
CSGALNACT1	0.11146067751943797
CSTA	0.15170930698018684
CTA-29F11.1	0.021516771658337874
CTA-392C11.1	0.05036191490760594
CTC-459F4.3	0.11146982719360113
CTC-524C5.2	0.42808257938418903
CTC-573N18.1	0.03821177335692173
CTCF	0.1434415928196209
CTD-2314B22.1	0.2680305664183384
CTD-2600O9.1	0.0177035992241352
CTD-3184A7.4	0.16002189638271552
CTD-3252C9.4	0.006602424658883533
CTDSPL	0.17449550446951134
CTGF	0.16883632855073782
CTNNAL1	0.19022207974756444
CTNNB1	0.13589036937484467
CTPS1	0.02607139242214808
CTSB	0.3913861814463973
CTSC	0.295424473507905
CTSL	0.2318849753337758
CTSV	0.22495185057047914
CTTN	0.12385667046303135
CTXN1	0.19694475753434854
CUL3	0.26347428286218405
CUTC	0.11015941743977198
CUX1	0.004099110462462349
CXCL1	0.06331543610192823
CXCL2	0.012190793667105425
CXCL3	0.10504715997107639
CXCL5	0.040785864476615134
CXCL8	0.026200456157255452
CXXC5	0.20457281358280302
CYB5B	0.16485171045266786
CYB5D2	0.2593315857447253
CYBA	0.22270371420223564
CYHR1	0.18595584406490132
CYP1B1	0.16659361538971784
CYP24A1	0.2186380582745425
CYP26B1	0.17414363200811203
CYP4F3	0.036610940328945234
CYR61	0.12958554448620685
DAB2	0.10771605383460134
DAG1	0.13308321042052937
DAP	0.11340231036516249
DAPK1	0.5364255862823798
DARS	0.17266716777537047
DBF4	0.038493798909203354
DBNDD1	0.11605785680858365
DBP	0.15479122572308057
DCAF13	0.3325417704505219
DCAF7	0.021527279209464012
DCBLD2	0.2812151423491327
DCDC2	0.08251535311128723
DCTN2	0.0012215344829822462
DCTN6	0.5202129563135759
DDB2	0.03885261813989726
DDIT3	0.16120484828564907
DDIT4	0.02504277826614751
DDOST	0.04227113009984506
DDRGK1	0.09069667790961886
DDX10	0.004578276669615031
DDX18	0.03752819044886483
DDX23	0.12969042333989522
DDX27	0.17101977988219808
DDX39A	0.012311274544409972
DDX42	0.11283316830754099
DDX54	0.049948544816934004
DDX56	0.03106298150174609
DEDD2	0.09473966437781445
DENND5B	0.13928313551407218
DEPDC1	0.057220361931671536
DERA	0.03515352128862513
DERL2	0.15799178263748392
DESI2	0.3016619106582827
DFFA	0.14679388077541733
DGKD	0.11883389511830106
DGKE	0.18577203937206827
DGUOK-AS1	0.1275533771987686
DHCR24	0.29316926190932807
DHRS2	0.09393395429093686
DHRS3	0.003874980960080563
DHRS4	0.30882075796972064
DHRS4L2	0.08157188253413332
DHRS7	4.605813065407833e-05
DHX9	0.016435574502137753
DIO2	0.30301427203930736
DIO3OS	0.14285564172152262
DKK1	0.5650134898624573
DLC1	0.03397863142700753
DLD	0.20616224831733282
DLGAP1-AS1	0.30968104881110203
DLGAP5	0.10441738411822055
DMKN	0.4159004757031211
DNAJA1	0.18299194933999932
DNAJA2	0.27401188084282735
DNAJB1	0.33590310619980224
DNAJB11	0.1218024933941909
DNAJC1	0.07553853299810827
DNAJC10	0.009463406821782015
DNAJC12	0.1549233161615737
DNAJC21	0.11819142998576923
DNAJC22	0.005230884921709645
DNAJC3	0.22099687893317363
DNAJC4	0.28175438424722965
DNTTIP2	0.22716486835503383
DOCK5	0.10454694146428416
DOK4	0.09502642393228503
DOPEY2	0.0463850530635152
DPM1	0.169745243498185
DPYSL3	0.017127385600500724
DSG2	0.3510526440696519
DSP	0.2978814117714147
DST	0.5565603413978265
DTL	0.271193092163274
DUSP1	0.3414759320308168
DUSP14	0.4644721209140144
DUSP4	0.10352192830018375
DUSP5	0.0034046449419310996
DYNC1H1	0.0764360576185992
DYNC1I2	0.2742035541874257
DYNLL1	0.2400757676491036
DYNLT3	0.07251340020141324
DYRK1B	0.1336458953724954
E2F1	0.0029103195642405538
EAPP	0.0031538557350351344
EBAG9	0.09773130365841193
ECH1	0.08230162739696324
ECI2	0.11051153096694989
ECT2	0.03182783501561509
EDN1	0.06456092700603175
EEF1A1	0.14640221446135424
EEF2	0.08248902803417787
EFEMP1	0.278715226811203
EFHD2	0.22838379331696673
EFNA1	0.08082655478719632
EFNA5	0.0021801501685768136
EGFR	0.08858720799018874
EGLN1	0.41201814737810677
EHBP1	0.0404580958520292
EHD2	0.1390090439696475
EID2B	0.02621829736467486
EIF1	0.011925884891640447
EIF1AY	0.35184162880483977
EIF1B	0.24175304414689486
EIF2AK2	0.04366474654383838
EIF2S1	0.005657374930147615
EIF2S3	0.12221151531823408
EIF3D	0.035838859854342854
EIF3E	0.041375926736377036
EIF3I	0.12474603752275325
EIF4A1	0.2654896676204052
EIF4A2	0.25176693770247877
EIF4A3	0.12304725883004163
EIF4E	0.3305872060075892
EIF4EBP1	0.023747760719502953
EIF4G2	0.027747953054479014
EIF5	0.2056138527130661
EIF5A	0.528043685261135
EIF5AL1	0.029316636242501373
ELAVL1	0.38782678548701677
ELF3	0.4216095838988247
EMB	0.17774240443640413
EMC3	0.35614940925967886
EMC7	0.24496995176920797
EMP2	0.09751552877135107
ENDOG	0.2051871329416926
ENO1	0.15966457560841446
EPAS1	0.06255499520303492
EPHX1	0.28741917739986456
EPN2	0.09774224223913444
EPRS	0.13437467411291593
EPS8	0.056793275648407644
ERAL1	0.1694746061714122
EREG	0.12540053207644128
ERGIC2	0.09747897897378657
ERN1	0.03874690264474352
ERRFI1	0.1250132020740466
ERV3-1	0.11480571220740433
ESAM	0.06006077408760233
ESCO2	0.1846628220863465
ESD	0.05772359299558124
ESF1	0.11072223672593684
ETFB	0.2297284085284676
ETS2	0.10728735657277189
ETV4	0.14621977726517751
EVA1A	0.0040843196992735725
EVA1B	0.251934265138738
EVA1C	0.22712712820930478
EWSR1	0.21831720291213705
EXOSC1	0.06399473188429784
EXOSC3	0.12386139770978752
EXOSC6	0.11092188157963323
EXOSC7	0.023406311537827754
EXOSC8	0.20596749960918628
F12	0.05644538189128673
F2RL1	0.30274437307653845
FAAP24	0.25906182465781147
FABP5	0.05215636802466567
FABP6	0.026203796549171376
FADS2	0.007067243341919942
FAM102A	0.5344460703976536
FAM107B	0.12489906131206469
FAM111B	0.018670989616834183
FAM120A	0.14398464428557317
FAM133A	0.5039413320926234
FAM162A	0.0016270053117757855
FAM215B	0.022232431182832663
FAM227A	0.10303620333142229
FAM46A	0.17882982007709872
FAM50A	0.203968397334554
FAM60A	0.0451528442829204
FAM64A	0.02529804734218858
FAM83D	0.15701585082286088
FAM89A	0.06008934173227529
FAM89B	0.10885720750821075
FANCD2	0.020949777523469187
FAT1	0.009031564028445897
FBN2	0.09797489610220299
FBXO32	0.009002045987151461
FCGRT	0.5720234117879904
FDFT1	0.12853556012527909
FDPS	0.24656466345041564
FDXR	0.04845934223826466
FEN1	0.2190220591352052
FES	0.18626467977387248
FGA	0.08325594006791526
FGB	0.10064254819424631
FGD6	0.13865486177782824
FGFR1	0.15434141980721391
FGFR1OP2	0.030818139753696537
FGFR4	0.16446848903806724
FGG	0.1805860387039254
FGL1	0.04763097460084174
FH	0.13580604583764846
FHL1	0.19410890186343205
FHL2	0.0665916520341048
FILIP1	0.3583729822193804
FJX1	0.04114439617913646
FKBP9	0.07248955908286302
FLJ20021	0.20514486784222394
FLNA	0.018266553135400224
FLRT3	0.15027874839260796
FMNL1	0.17058796924844297
FN1	0.07592631294712256
FOPNL	0.03702619731022952
FOS	0.07503734321644397
FOSL1	0.03246424547378149
FOSL2	0.09210961039463533
FOXA2	0.28271245487710106
FSCN1	0.17771604747678185
FST	0.036710312353577794
FSTL3	0.025151145004025054
FTSJ2	0.0814813566051447
FUBP1	0.0031223453767028437
FYB	0.49506569811153217
G0S2	0.03569224884037549
G2E3	0.08326273647281111
G3BP2	0.24191310996106505
GABPB1	0.013803090604427002
GABRA5	0.06961363788566155
GABRB3	0.19754323040056151
GABRE	0.10956250058779915
GACAT2	0.8130606057680805
GADD45A	0.044374128574899266
GADD45B	0.12427363620625487
GAL	0.008188242184023852
GAL3ST1	0.19193636252261662
GALK1	0.02761495859477067
GALNT1	0.3306404630277557
GALNT10	0.34291943411953923
GAPDH	0.21655206318490655
GAPLINC	0.014950290855098814
GAR1	0.15679313489898197
GAS2L1	0.09861924188604351
GBAS	0.045804808466253476
GCC2	0.34475133623960086
GCHFR	0.2761798296561598
GCLC	0.06270122595563121
GCNT3	0.3473741758392191
GDF15	0.3832586971661418
GFRA1	0.12103736275609672
GGH	0.10535580921369862
GGNBP2	0.1351110698735973
GIGYF1	0.08316565648680653
GINS2	0.053823678293737895
GINS4	0.25205528265978344
GIP	0.518105398671234
GJA1	0.12345097790245453
GKN1	0.03238409333253492
GLE1	0.09676080587352756
GLIPR1	0.12464524552429693
GLIS3	0.15262083635802728
GLOD4	0.022093577437545083
GLRX	0.21318068659585349
GLRX3	0.11533590246124915
GLS	0.21660573963068044
GLTP	0.1146413819086822
GMNN	0.04948859439632235
GMPS	0.10276530041325473
GNB2L1	0.0239882993212612
GNL3	0.1654870869376077
GNPDA1	0.1522121322446651
GNPNAT1	0.021228472972154452
GOLGB1	0.3490136494683291
GOLIM4	0.07089011136972594
GOT1	0.21972464460342372
GPC1	0.05174133679891736
GPCPD1	0.19663946466155807
GPN3	0.09827402168582088
GPRC5A	0.6711510918661713
GPRIN2	0.1397576098884806
GPRIN3	0.0575073680439086
GPX1	0.46252748508449976
GPX2	0.490705246418125
GPX3	0.38905318821139817
GRAMD1B	0.029315369251535994
GREM1	0.04869777145971522
GRK6	0.0534281841838342
GRN	0.08672632188279246
GRPEL1	0.2045233244157353
GRSF1	0.1852033018623776
GRWD1	0.15426634321013213
GS1-124K5.4	0.08039248759522323
GSTO1	0.10450262442161799
GTF2F1	0.13751615753015803
GTPBP4	0.24269690344137257
GTSE1	0.017804951548650538
GULP1	0.3023959511685133
H1F0	0.02566196435925651
H1FX	0.2360258633532939
H2AFX	0.06924448779824345
HACD1	0.26630462926267445
HACD3	0.13386559696800363
HADHB	0.10950013076441044
HAPLN3	0.01367835356404538
HAS2	0.11222665396507818
HAT1	0.2059920262464724
HAUS2	0.04472115824550906
HCCS	0.01958130057739103
HDAC1	0.20323285447505474
HDAC2	0.49987771405134496
HEBP1	0.11525708784409672
HERC2	0.2560620841918605
HERC4	0.09593240710925853
HERPUD1	0.07692520948837663
HES1	0.23862156542775323
HES4	0.019003431813255364
HES6	0.1501817905704462
HES7	0.12676319999129668
HEXB	0.00029018016531607964
HEXIM1	0.017930739284303984
HGD	0.25633074677927176
HHEX	0.11673056049462646
HHIP-AS1	0.046388441789923594
HIF1A	0.014269920830815892
HILPDA	0.1906433202126777
HIP1	0.085129332414303
HIPK2	0.33772435855092814
HIST1H1B	0.08983572541765031
HIST1H1C	0.18010708895220487
HIST1H1D	0.030014319166443176
HIST1H1E	0.048451109949736657
HIST1H2AC	0.26732386750747683
HIST1H2AH	0.06330808655303705
HIST1H2BD	0.12407427016685749
HIST1H2BJ	0.21650694540030704
HIST1H4C	0.19574544733146879
HIST2H2AC	0.1351154436594975
HIST2H2BE	0.0229707593076394
HIST3H2A	0.3254483900491291
HJURP	0.07509542289322202
HLA-A	0.10077749495343594
HLA-DMB	0.15496356041938456
HM13	0.05458768865325866
HMG20B	0.2194130457541189
HMGA2	0.019269937213527783
HMGB2	0.1292475639344671
HMGB3	0.35394567958212697
HMGCS1	0.2876340370062472
HMMR	0.1501429386902077
HMOX1	0.0781336845442274
HNF4A	0.0733219211360386
HNRNPAB	0.05620200405187175
HNRNPDL	0.05945309346924963
HNRNPH1	0.06482991967443404
HNRNPM	0.001635298162205844
HNRNPR	0.17900103281251273
HOMER3	0.07908868417504893
HOTAIRM1	0.1491058144849101
HOXA-AS2	0.040567597118106515
HOXA3	0.058861891930847156
HOXA5	0.008235972377242088
HOXB2	0.031444587006344324
HOXB8	0.006788015506165323
HP1BP3	0.22136356620955472
HPGD	0.37574506442663613
HPRT1	0.15022305421560142
HPS1	0.028853566272835817
HSD17B11	0.1030939387942698
HSP90AA1	0.2075551968044129
HSP90AB1	0.10185141845023522
HSP90B1	0.05103498879974703
HSPA14	0.028669438365673507
HSPA1A	0.31336787715261005
HSPA2	0.3340882949567812
HSPA4	0.10533046399878457
HSPA5	0.4818287652243439
HSPA8	0.054358089196329326
HSPA9	0.37052200259154583
HSPB8	0.1263644545054252
HSPD1	0.1976934500838954
HTATSF1	0.010421728817522494
HTRA3	0.07436359559804895
ICE1	0.010771666635181617
ID1	0.30471570423746197
ID2	0.36859447221305797
ID3	0.1483368552591856
ID4	0.02229547722619326
IDH2	0.5576990404597444
IDH3B	0.03760156726880451
IDI1	0.10081241486105026
IDS	0.3264940165912521
IER2	0.15148093681526212
IER3	0.07409742828648495
IER5	0.19256550894015778
IER5L	0.06713967421947314
IFFO2	0.05743634981832515
IFITM2	0.04994489045154351
IFITM3	0.151314350592143
IFNGR2	0.0013050445670355806
IFRD1	0.09910821468139488
IFT27	0.0006529063716109583
IFT81	0.06514527767909858
IGF1R	0.06929535850474883
IGF2BP1	0.22669735534663912
IGFBP3	0.2699655537417255
IGFBP4	0.4005353310414259
IGFBP6	0.011340979684814647
IGFBP7	0.09164003389113871
IK	0.10664488675428649
IL11	0.04859420029740607
IL15	0.05381799195523679
IL18	0.13217037192974576
IL32	0.028235857072948956
IL6ST	0.028615546551494137
ILF2	0.010881701094431082
ILF3-AS1	0.10785392884233133
ILK	0.21882358233829294
IMMP1L	0.12592164819874935
IMMT	0.2043000850708552
INA	0.11802443943061554
INAFM1	0.030810140799788097
ING2	0.022899370948873787
INHBB	0.11032674050761537
INO80C	0.10633397291507353
INSIG1	0.1345875643038481
INSL4	0.21952871346376565
INSR	0.2935281990976045
IP6K2	0.25480198810518495
IQGAP1	0.17424939321025987
IQGAP3	0.01958605945274463
IRF1	0.18456882646642866
IRF2BPL	0.12262107215608611
IRS1	0.17423590401665112
ISG15	0.17832078517938751
ITGA3	0.18839601575924997
ITGAV	0.16657395192662883
ITGB3BP	0.030531809628564482
ITM2B	0.5013077430351829
JADE1	0.06730724966104838
JAG1	0.03006545535807819
JMJD1C	0.08208955391283387
JMJD6	0.014521248143023947
JUN	0.391590458032448
JUNB	0.01447260585543597
JUND	0.2665370240012674
KANK1	0.1380031554900341
KARS	0.05674280922934329
KB-1732A1.1	0.33294758742243286
KCNK6	0.03312150653168481
KCNMA1	0.4033663162856306
KCNQ1OT1	0.14012025980996076
KIAA1191	0.09465268172521879
KIF11	0.1886389221014663
KIF14	0.1041846090162166
KIF18A	0.016262767026602263
KIF1C	0.1893943336591447
KIF20B	0.08307079779443616
KIF21A	0.02293134664925375
KIF22	0.1836658316630486
KIF23	0.40324183594097124
KIF2A	0.014866442019538429
KIF3C	0.3665838867487555
KIF4A	0.2967227439798313
KIF5B	0.20670121328598962
KIF9	0.02001933823603855
KLF10	0.056871448527371915
KLF13	0.15164097347043168
KLF3	0.10526269318369012
KLF5	0.6211646763772749
KLF6	0.2577926320478697
KLHDC2	0.21396216430083606
KLHL23	0.20226004081516646
KMT2E	0.241872048168397
KMT5A	0.09755405167039734
KNSTRN	0.049652067977776125
KPNA2	0.4679345022670893
KPNA4	0.11284796193938028
KRAS	0.26483694716910045
KRCC1	0.2446447512951628
KRR1	0.09357577381736289
KRT18	0.12495998993935949
KRT19	0.033415870746524606
KRT4	0.13735281213559972
KRT7	0.0936194223922136
KRT8	0.24035610511230573
KRT80	0.14399430139771124
KRT86	0.09494718690668306
KYNU	0.721745755621542
LACTB	0.018049064188933067
LACTB2	0.34433488385171535
LAMA5	0.06054562037906256
LAPTM4A	0.14399161667706337
LAYN	0.005338892578320164
LBH	0.8496412694367931
LBR	0.19685416722132407
LDHA	0.03340900896371348
LDHB	0.040415042533543895
LDLRAD4	0.08599990547827033
LEO1	0.07553567367832979
LEPROT	0.3376907383520527
LEPROTL1	0.11288657409932437
LETM1	0.16654150022892547
LGALS3	0.11071128674098997
LGALS3BP	0.17804578435141216
LGR4	0.020805829039903044
LIMA1	0.03940074784793743
LIMCH1	0.20065016985738832
LINC00152	0.02981478257195665
LINC00467	0.03235817844353931
LINC00473	0.1544508805101065
LINC00511	0.05214769879509042
LINC00632	0.07704010593595492
LINC00657	0.30310175185368926
LINC00662	0.2349262433291145
LINC00665	0.0037190310566653497
LINC00667	0.2283747630710248
LINC00685	0.19355192672324661
LINC00707	0.033903934143928435
LINC00936	0.10926552950434178
LINC00969	0.10983316192901409
LINC00973	0.005502309297375706
LINC01021	0.34405940486241937
LINC01089	0.2023044120440474
LINC01116	0.30243631398752535
LINC01137	0.05943936980826066
LINC01220	0.02358675203670147
LINC01234	0.12232669566406451
LINC01297-1	0.09357050731849087
LINC01433	0.0167641490713611
LINC01447	0.009578049132863139
LINC01468	0.06121938534233171
LINC01481	0.02812613557016173
LINC01588	0.38622240276904474
LIPE-AS1	0.5434223020086046
LMAN1	0.04937370822244538
LMCD1	0.1514160257195539
LMNA	0.07327246407313615
LMO4	0.08995673912399658
LMO7	0.08229952740098294
LMTK3	0.025831445069223642
LOXL2	0.16801189563480562
LPGAT1	0.11714159971263317
LPIN1	0.1070161053521292
LPP	0.1301103971990517
LRIF1	0.032201969622265444
LRP10	0.35492645381727594
LRPAP1	0.2875869789501278
LRPPRC	0.17136915647695022
LRRC16A	0.1833223246464465
LRRC26	0.16677122585074225
LRRC58	0.03160064257037889
LRRC75A	0.18718612402938686
LRRC8B	0.04125689273936255
LSM6	0.017445913621425755
LSR	0.329117671588969
LTA4H	0.1042233782858575
LURAP1L	0.18228705306761817
LUZP1	0.22708953098168597
LXN	0.27588751357121055
LYAR	0.1537944223932416
LYPD1	0.018902974649349678
MAD2L1	0.1720616177155246
MAFG-AS1	0.3374782148149489
MAFK	0.0255803092612096
MAGED2	0.1614671690559215
MAGOH	0.04902482973499078
MANF	0.4082795443021591
MAP1B	0.1538954517169081
MAP2K3	0.3463296273460485
MAP3K8	0.11584100133684343
MAP4	0.2260337597715389
MAP4K4	0.09365977772144309
MARCKS	0.1483653004801875
MARCKSL1	0.05057417567808796
MARS	0.3396669296688012
MAVS	0.01966878270256855
MB	0.1361843582355427
MBD2	0.2413546117491381
MBD4	0.04829425499024014
MBNL1	0.14616890848109484
MBOAT7	0.2299484414996817
MCM10	0.18316065513934243
MCM3	0.17821410539283092
MCM4	0.2500385290231941
MCM6	0.09555072335117665
MCM7	0.06936440093549631
MCU	0.10886142375912822
MDH1	0.061651228868521805
MDK	0.007911483855786093
MDM2	0.43989101447216733
MDM4	0.021644805423077056
MED13L	0.006617438690408035
MED31	0.09942297104609366
MED9	0.03902298429027011
MEG3	0.18432614254665064
MEGF9	0.1656385924217869
MEIS2	0.03667806987119422
MESP1	0.26818836785887357
MEST	0.1663128274691409
MET	0.0944404874240842
MFGE8	0.046722769111067985
MFHAS1	0.1215451474555663
MFSD3	0.12475829291307931
MGLL	0.3274212453833203
MGST1	0.004383807712399609
MGST2	0.14243317684518272
MID1	0.2704281791107464
MID1IP1	0.02474601703622206
MIDN	0.1470611574139827
MIF4GD	0.07589935412242625
MINCR	0.38852374694345004
MIR503HG	0.027112924002385085
MIS18BP1	0.027174855106588132
MISP	0.1507587014906646
MKI67	0.44574613710101335
MLPH	0.3897261351505876
MLXIP	0.27139583132673323
MMD	0.06732200765064518
MMP24	0.0013563358181375423
MMP24-AS1	0.34274972276649956
MMP7	0.17700620954134672
MNAT1	0.4067264533665765
MORC4	0.40708727622499813
MORN2	0.11150332336868353
MPDU1	0.11572637193566582
MPHOSPH10	0.026343216436801604
MPHOSPH8	0.155086135415992
MPRIP	0.19904859762714774
MROH8	0.09980579805058562
MRPL10	0.22309640677226567
MRPL13	0.2895373712515584
MRPL16	0.010044396219059582
MRPL35	0.002118521996946812
MRPL44	0.3472263729627246
MRPL45	0.07567570387915057
MRPL47	0.052065273116778894
MRPL49	0.1084833439767455
MRPS18A	0.11816140345621326
MRTO4	0.07520036299906076
MSANTD3	0.1544307922709337
MSC	0.304660607457613
MSH6	0.07882289587082436
MSI2	0.3616376243628033
MSMO1	0.015284780041434878
MT-ATP6	0.02663369356924627
MT-ND1	0.11447775012426831
MT-ND5	0.003937182683469309
MT-ND6	0.06605138354248546
MT1A	0.06623826466115042
MT1F	0.08845579926474223
MT1X	0.571722977668981
MT2A	0.38028440237070793
MTA2	0.32199871101055044
MTHFD2	0.022682542176402313
MTIF2	0.23685495111382152
MTUS1	0.21164365896712498
MTX1	0.7140576152367453
MTX2	0.07093339518691931
MUC12	0.43049037981718713
MUC3A	0.33339632695037696
MUC5AC	0.05164162481046671
MVP	0.14999075526896358
MXD3	0.07000644330817075
MXD4	0.8314981394615676
MYADM	0.10948443264654142
MYC	0.8393900781927474
MYEOV	0.22485108266196788
MYH9	0.018800700870586867
MYL12A	0.40822270873461064
MYL12B	0.6478035218281812
MYL9	0.13615648532642843
MYO19	0.25843976072955804
MYO1B	0.052350015389445045
MYOF	0.18456299983900396
MZT1	0.44373974870698435
NAMPT	0.0033184548143378777
NANS	0.0633746289616217
NASP	0.017684068146961236
NBR1	0.011388759907430738
NCAPD2	0.042735973280647106
NCKAP1	0.01385787408517116
NCKAP5	0.2267736051483268
NCL	0.07121687174795038
NCOA3	0.2109612341728928
NCOA7	0.12116336558077577
NCOR2	0.20124430307233568
NDFIP1	0.5615410682186392
NDUFA10	0.04176462870454762
NDUFA9	0.11701140722091473
NDUFAF4	0.13965387972738522
NDUFS2	0.03361942441185265
NEAT1	0.45759085701610275
NEDD4L	0.2927288962233372
NEDD9	0.14974506601435886
NEFL	0.19879033905658663
NEK2	0.008072338234919907
NET1	0.027684875071082235
NFAT5	0.34150134047591096
NFIB	0.14526894220353187
NFKBIA	0.2437896908219259
NIFK	0.17210708579460218
NIP7	0.12733757430481735
NIT2	0.7679327742507092
NLN	0.19167887665146532
NMB	0.2833339371647248
NNMT	0.010586406065943675
NOC2L	0.168741952388057
NOC4L	0.03520963847922895
NOL3	0.1845372537886941
NOL4L	0.31097470302428465
NOL8	0.2997210129559341
NOLC1	0.1848522271262631
NOP58	0.020457446236818378
NOTCH3	0.11231193860420509
NOVA1	0.33011858948915257
NPC2	0.3719282712645112
NPLOC4	0.11665396436029685
NPM1	0.1355836104898083
NPTX1	0.011313182349982742
NQO1	0.18004968179627096
NR0B1	0.06685898371947428
NR2F2	0.09603026278079194
NR4A1	0.15946681602854748
NR4A2	0.06649738345869034
NRAV	0.17845623034047955
NRBP1	0.23449930094027632
NRCAM	0.16938633687201926
NRG1	0.2596683768144717
NRIP1	0.09130889655797494
NRP1	0.08931220542568417
NRP2	0.19458208341416341
NSD1	0.22459019180945547
NSMCE1	0.25136040687097905
NT5DC2	0.17178407897273595
NTRK3	0.16541177708041643
NTS	0.030140437382203757
NUAK1	0.016764642648188763
NUAK2	0.22064092727823661
NUCB2	0.07902845151908863
NUCKS1	0.025595447819111276
NUDC	0.21085101894081493
NUDT19	0.2717739684797863
NUDT4	0.17781596407521838
NUF2	0.2812761265412911
NUP155	0.08049125044207953
NUP37	0.002294733802173535
NUP62	0.10923645628067648
NUPR1	0.02261472689579451
NUSAP1	0.29770123364633044
NXN	0.2089341305772893
OAS1	0.0690781350918893
ODC1	0.09253006851128899
OPN3	0.12677940577069083
ORAI2	0.33227724789402996
ORAI3	0.2947018966949253
ORC6	0.17123878206099366
OSBPL9	0.013771105079642097
OSER1	0.1257162896199047
OSGIN1	0.2575720553549849
PA2G4	0.045792226722264226
PABPC4	0.3044710535117017
PAFAH1B2	0.27706474478571264
PALLD	0.2359563716017274
PAPPA	0.0702086076462382
PAPSS2	0.042587997547886655
PAQR4	0.0754051508410344
PAQR5	0.11589747729112863
PAQR7	0.06979974118892504
PARD3	0.11433922187538638
PARPBP	0.11994363313880056
PART1	0.10476171233477263
PAXIP1-AS1	0.20646581175411585
PBDC1	0.029606296686131177
PBK	0.14038566869534785
PCDH9	0.061449017216039584
PCED1B	0.1278427990212844
PCMT1	0.22395574641234461
PCNA	0.03881072915585209
PCSK1N	0.49790096925184785
PCSK7	0.22006473650914257
PCYOX1	0.06175683822162984
PDCD7	0.11743052729296992
PDCL3	0.2017176908347878
PDE4D	0.2553836048653317
PDE8A	0.209607141367218
PDHA1	0.20318677532412327
PDHB	0.18761064729975654
PDIA3	0.00403905047462116
PDIA4	0.2529480787575634
PDIA6	0.05343991410789182
PDK4	0.08415585994966705
PDLIM5	0.10032434824240136
PDLIM7	0.1745934917004453
PDXK	0.3431050880993796
PDZD8	0.19140405174790495
PDZK1IP1	0.11612529781229168
PEG10	0.011879514351767201
PELP1	0.04159059248823175
PEPD	0.05644558377371917
PER2	0.019750668396540622
PET100	0.07761931439899461
PET117	0.10978516229842901
PFKFB3	0.022551753316423007
PFKP	0.21910469439294933
PFN1	0.175727368342762
PGF	0.15992245069141311
PGK1	0.14623145838721455
PGM2L1	0.3933770180479401
PGRMC2	0.24206324412949615
PHACTR2	0.07288791744643576
PHAX	0.23135935668360286
PHF20L1	0.04366318040582036
PHF23	0.2490283292347256
PHF3	0.012589428605139355
PHGDH	0.12878064079794715
PHKG1	0.05191918892232829
PHLDA1	0.18589399486849512
PHLDA2	0.05806358627854353
PHLDA3	0.48373645647692853
PHLDB2	0.23558356473898628
PIF1	0.3639020290777655
PIGF	0.16254941566720896
PIH1D1	0.09762031302520043
PILRB	0.20644411506619012
PIR	0.14370387937108067
PITX1	0.18681631363482737
PKDCC	0.07435693173610533
PKM	0.0643449955351548
PLA2G16	0.024889873118234006
PLAU	0.10795388699080798
PLAUR	0.2664587014647995
PLCD3	0.10283271754138607
PLCXD1	0.053357444175703476
PLEKHA3	0.1814585328766635
PLEKHB2	0.0628108454059719
PLEKHH2	0.1778032178304182
PLEKHJ1	0.1484627498032027
PLIN2	0.1344827344714078
PLIN3	0.5997701034760088
PLK1	0.06227295965107513
PLK2	0.36736985749667034
PLOD2	0.15402905562552408
PLS3	0.22103889540644542
PMAIP1	0.09829598840041373
PMEPA1	0.09497980516999027
PMF1	0.03612539261191719
PMP22	0.27491618659486705
PNRC1	0.35272514479304956
POLR2A	0.15708825217108355
POLR2C	0.029167946516443832
POLR2D	0.7003650482321407
POLR3GL	0.10204433149315749
PON3	0.24046299053036396
POPDC3	0.21069738502022173
POR	0.06271404393311628
PPA2	0.05627881721217906
PPARG	0.23864540894504835
PPFIBP1	0.14862384575116533
PPHLN1	0.07522857929324889
PPIB	0.0029708378721087637
PPID	0.27629696793789443
PPIE	0.04962841416455286
PPIF	0.03912532668706174
PPIH	0.20356156384432234
PPM1B	0.12902048941501176
PPM1D	0.2711748733789145
PPP1CB	0.3167491732546959
PPP1R12A	0.20626019984550117
PPP1R15A	0.0664462107035984
PPP1R35	0.27438286102959786
PPP1R7	0.3057277560614558
PPP2R2A	0.12106536466524456
PPP2R5E	0.23929648095910505
PPP3CA	0.2694470078212459
PPP4R2	0.015237333560347304
PPP6R1	0.27437703459392493
PRADC1	0.1808720540464466
PRAME	0.08409766524751548
PRC1	0.23686477646858786
PRDM1	0.035699968076479655
PRDX1	0.005679379196228186
PRDX4	0.08827975963603614
PREB	0.03849280178304355
PRKAR1A	0.22440154585888322
PRKCA	0.026376812907532323
PRKCDBP	0.39980488224180544
PRKRIR	0.2141461659690424
PRMT1	0.19646499076159998
PRMT5	0.12124203705822321
PRNP	0.11030398087875315
PRPF4B	0.10679195692602626
PRPF6	0.1495865963690924
PRPS1	0.19462898866661504
PRR11	0.13273491699750556
PRR15	0.22761845225166866
PRSS23	0.40041919618725935
PRSS3	0.3010258961381727
PSAP	0.3150128282955185
PSAT1	0.05067043055543514
PSMA3	0.08528728022347874
PSMA4	0.003068703882026223
PSMB1	0.04939740218723784
PSMB3	0.090560933173677
PSMB6	0.011250484949235907
PSMB7	0.3134989463621484
PSMB9	0.17157199856736693
PSMC1	0.13860998462377447
PSMC2	0.04331470154557631
PSMC3	0.131223216285664
PSMC3IP	0.20227448346083518
PSMC4	0.03346849556773526
PSMC6	0.0968476507684244
PSMD11	0.2537473029502631
PSMD13	0.1268576161705517
PSMD2	0.03822769979542595
PSMD4	0.07940542602134561
PSMD6	0.07035176150187172
PSMD7	0.1990712201420267
PSMD8	0.14964500390938817
PSME2	0.16954761935012988
PSMG1	0.14135091289201954
PTBP3	0.37698854335355636
PTGES	0.13447255005287914
PTGR1	0.1514196828485882
PTGS2	0.10221608715888686
PTHLH	0.1257011928622786
PTMA	0.22082645898391987
PTP4A1	0.330560927894436
PTPN12	0.19361810942070945
PTPRA	0.20362287222748296
PTPRF	0.007680748669084624
PTPRS	0.11752826349258128
PTRH2	0.22757180727038873
PTTG1	0.41722081583549797
PTTG1IP	0.0337881108369303
PUM3	0.09860787263397522
PVRL2	0.07843414210326112
PXDN	0.17535529744632058
PXN-AS1	0.06670911307763973
PYCARD	0.09456492402154469
PYGL	0.23016263305595466
R3HDM1	0.2729116473367085
R3HDM2	0.3088716826119265
RAB14	0.005024475912531106
RAB15	0.24050276393632017
RAB18	0.025268269797261888
RAB26	0.14446409124734202
RAB27B	0.164958605129469
RAB30-AS1	0.21954538768557647
RAB31	0.13674377706250399
RAB3B	0.5632159562050784
RAB40B	0.39395757199982706
RAB8A	0.2673635951779129
RAC3	0.4757790011607207
RACGAP1	0.16803901677282204
RAD21	0.06415046585515648
RAD9A	0.07953416754906903
RAE1	0.13422472828549847
RAI14	0.021283396890916163
RAN	0.2810891857502459
RAP1GAP	0.08202293449018709
RAP2B	0.4284547667416893
RARA-AS1	0.008204467789217212
RARRES1	0.034402756321046994
RARS	0.20728291165453408
RASSF10	0.1323986522950865
RASSF3	0.051415125886721084
RASSF7	0.15037806646907045
RB1CC1	0.11106692096716274
RBBP6	0.06637038489135093
RBFOX3	0.3023004347879844
RBM14	0.009981297536518703
RBM42	0.04181099533828207
RBM47	0.15790288923860762
RBM7	0.1893808294130861
RBMS1	0.05608925726967861
RBP4	0.024862165840442613
RBPMS	0.19719616490571015
RCCD1	0.015828190575481182
RDH10	0.07634284336172627
RDX	0.01113913012436141
RECQL	0.07785593834554323
REEP4	0.04418812341523255
REL	0.11978551241518767
RELB	0.12619861117458972
RFC1	0.05896589333079283
RGCC	0.021767090487027723
RGS14	0.1672119159458048
RGS2	0.014471119816217032
RHOB	0.23035937837956655
RHOBTB3	0.038893457460835563
RHOD	0.005019487552407119
RHOQ	0.10967547721122074
RHOV	0.00154194465965801
RICTOR	0.23410705841147822
RIF1	0.24100652836653297
RILP	0.5251025398783292
RIN2	0.04255391836447958
RMI2	0.0976474983785416
RNASEH2A	0.18470454848479484
RNASEH2B	0.08797092459621954
RND1	0.11301235309066496
RND3	0.00047053653526338003
RNF19A	0.2869258794608239
RNF212	0.013504444622192711
RNF26	0.21355237838473484
RNF43	0.21506066482353822
RNF5	0.39134837341230316
RP11-1055B8.9	0.0249400906390074
RP11-111M22.3	0.14468142689603505
RP11-12G12.7	0.05773085100367275
RP11-138A9.2	0.060592240175091176
RP11-160O5.1	0.24821710558450333
RP11-187E13.1	0.2530740588216377
RP11-1C1.6	0.05680347639004505
RP11-254F7.4	0.00537649551996855
RP11-294J22.6	0.05346439678287414
RP11-295G20.2	0.42402127553802776
RP11-297J22.1	0.10916787385770119
RP11-338I21.1	0.06692754684836918
RP11-357H14.17	0.12401115168749507
RP11-38M8.1	0.30102266223579055
RP11-390F4.6	0.052139379949814914
RP11-408N14.1	0.17126236374786
RP11-467L13.7	0.006940287759331232
RP11-473M20.16	0.0033105679223871943
RP11-490M8.1	0.12899467554538271
RP11-498P14.5	0.023275183269881237
RP11-51J9.5	0.04997231184090531
RP11-538P18.2	0.12127956148180369
RP11-545E17.3	0.15904466529332556
RP11-54H7.4	0.3097112688663795
RP11-554I8.2	0.12734152093019901
RP11-563N4.1	0.03718795375328095
RP11-631N16.4	0.09571252416861713
RP11-660L16.2	0.16873106239032185
RP11-669N7.2	0.20230903307806536
RP11-670E13.6	0.06558344545302061
RP11-680F8.1	0.2815353451612921
RP11-758H9.2	0.04892767819853633
RP11-783K16.5	0.44351701720453324
RP11-800A18.4	0.03078056142966234
RP11-818F20.5	0.16267434950206267
RP11-838N2.3	0.02240644890126279
RP11-874J12.4	0.03132974851536862
RP13-1032I1.7	0.025753648777413762
RP13-516M14.4	0.09652431696458902
RP4-555D20.2	0.17646980506681584
RP5-908M14.9	0.07315889588966693
RP5-943J3.2	0.08000772592969119
RPIA	0.218091210191812
RPL22L1	0.14860087153115703
RPL26	0.435326150354363
RPL28	0.007294868605444684
RPL7A	0.3183953634242985
RPN2	0.3167784210454426
RPP30	0.25330585981365183
RPP38	0.048327785728045206
RPS27	0.011991848516047465
RPS27A	0.24042511188007765
RPS27L	0.17274230582039804
RPS4X	0.2781621697888229
RPS4Y1	0.01669159581838498
RPS7	0.20335804577048217
RPUSD3	0.35137571629566794
RQCD1	0.1921600314029662
RRAGA	0.32508408576669
RRM1	0.14617372737101925
RRM2	0.01286262065133007
RRP15	0.08116871923380461
RRP1B	0.03806107296194032
RSF1	0.1912430870581651
RSPO3	0.038006923395052086
RTCB	0.08940237256263694
RTN2	0.05919498033167522
RTN4RL2	0.5073951036365183
RUVBL1	0.34996679070720954
S100A3	0.1078061672791368
S100A4	0.18951512408097754
S100A6	0.2893411422664166
S100P	0.38450981764902803
S1PR3	0.3769166636686816
SAMD11	0.12328451806105714
SAMD4B	0.19161869732491907
SAPCD2	0.08359090539124653
SAR1A	0.11097356712236554
SARS	0.17360908336628028
SAT1	0.2786315401233791
SCARB1	0.07922678917538509
SCD	0.33864797761634596
SCN1B	0.01957146241537742
SCO1	0.24526525517286504
SCO2	0.09708338608814393
SCOC	0.009730971020733406
SCP2	0.006979531286759646
SDC4	0.14817899653102393
SDCBP	0.28058430172740767
SDF2	0.08379905866439638
SDHA	0.3228745789140572
SDHD	0.06583042058118438
SDPR	0.11439488056931403
SDSL	0.02025917443755184
SEC13	0.1276302929790934
SELK	0.11347529442631515
SENP6	0.12981512762098255
SEPT7	0.009376062273918084
SERINC2	0.2761983996735829
SERPINB1	0.0387342285718872
SERPINB9	0.07647785915852792
SERPINE1	0.030840584620643655
SERPINE2	0.275353866867082
SERPINH1	0.41873861661613676
SERTAD1	0.03615869571840055
SERTAD4-AS1	0.06591613552104192
SESN3	0.31819895205954796
SET	0.12802361632674866
SETD5	0.1674972206003734
SEZ6L2	0.17882617517332852
SF3B1	0.29061174358585723
SF3B4	0.19686253029433518
SFN	0.14601983647689373
SFPQ	0.25750172888023154
SFRP1	0.12561557047612298
SFXN1	0.22781637566730373
SGK1	0.06537735886889182
SGOL2	0.06560759584240411
SH2D4A	0.1830043418776979
SH3BGRL	0.1406813209202064
SH3BGRL3	0.22596985821224738
SH3BP4	0.14831556312172395
SH3KBP1	0.021160088820477516
SHMT2	0.08805422703313298
SHTN1	0.07554104376244516
SIRT7	0.3664185626049701
SKAP2	0.16258549854269036
SKIL	0.14441430633797178
SLBP	0.2648900596706171
SLC12A2	0.5111700164456963
SLC16A1-AS1	0.09154213855945538
SLC16A3	0.4571873605658179
SLC16A4	0.26584773675614926
SLC22A18AS	0.27818588925556753
SLC25A3	0.0007640093344773692
SLC25A5	0.08375852993685987
SLC26A2	0.18347524501532192
SLC27A2	0.2544570916583038
SLC29A4	0.08838351475262565
SLC2A1	0.180430449840415
SLC2A3	0.018643804180306506
SLC35F6	0.2288511521072101
SLC3A2	0.046188691194189176
SLC40A1	0.11054832495571836
SLC48A1	0.17304740558956566
SLC4A7	0.109586036372118
SLC51B	0.18091052635370566
SLC7A11	0.036311549201896214
SLC7A5	0.13986582243524795
SLC7A7	0.05485202998518165
SLC9A3R1	0.03423247949767128
SLC9A3R2	0.5424662390210908
SLFN11	0.060467009903085595
SLPI	0.1902477953112675
SMAD2	0.11339610005373922
SMAGP	0.09999438403540765
SMARCA1	0.10262107240924495
SMARCA5	0.16213906898572672
SMARCB1	0.03261100951515625
SMARCD1	0.005494318124586305
SMC2	0.0595252001117006
SMC3	0.12008474244944387
SMC4	0.3768751788767825
SMC5	0.3280782146275981
SMC6	0.23557000958067303
SMCHD1	0.11128919633815397
SMIM14	0.3917423174760452
SMIM19	0.337052756326301
SMIM4	0.18158701898093227
SMIM6	0.03518805400572651
SMKR1	0.1760501756120309
SMOX	0.07813622541114845
SNAP25	0.3319445068068064
SNAPC1	0.08802888430325162
SNCG	0.07687367753206036
SNHG10	0.10926791174244412
SNHG12	0.08424974939332162
SNHG19	0.07996090071376045
SNHG25	0.20056491765829787
SNHG7	0.23188146900561457
SNRNP200	0.01694013919617476
SNRNP40	0.23018262763730607
SNRPA1	0.3259717542116118
SNW1	0.3686910084013145
SNX6	0.3439322940269156
SOCS3	0.031562671363384656
SOCS6	0.09242185796949282
SOD2	0.059870311064914764
SOX2	0.23416152878632718
SOX21	0.08768499489059468
SOX4	0.3743893728721585
SOX9	0.32085262328534886
SPAG5	0.09378907844266823
SPANXB1	0.014130193130622897
SPATS2L	0.042984481444948215
SPC25	0.10617512190445443
SPCS2	0.04560419547138744
SPDEF	0.08412325594175234
SPDL1	0.021393663299521585
SPECC1	0.23731289631147173
SPOCK1	0.015316075622423576
SPP1	0.16470350453258112
SPSB2	0.22519806186356175
SPTSSA	0.09014507685853015
SPX	0.11850456458438938
SRC	0.11004829498003735
SRGAP1	0.008195594872594733
SRSF3	0.42623808793419915
SRSF4	0.08746760021175616
SRSF6	0.0316765693176523
SS18L2	0.13530079162284944
SSB	0.24912542729983994
SSBP1	0.029951855181178363
SSFA2	0.30385527689355885
SSR1	0.19880064405098388
ST3GAL5	0.21693628813608543
ST6GAL2	0.05757719572867618
STAG2	0.12213616196051867
STAM-AS1	0.1708140288714452
STARD10	0.2760332181607045
STAT1	0.34886218885341225
STAT3	0.2629066255880846
STC1	0.14193462751007407
STC2	0.05673189596890512
STEAP1	0.009682253218471522
STEAP2	0.30864133741524347
STK17A	0.3394364614209716
STMN1	0.11462329825276235
STOM	0.014494238505172766
STRN3	0.06439072874675063
SUGT1	0.19580044099248228
SULF2	0.16660362088390496
SULT2B1	0.2910528815433407
SUMF2	0.24375327279610629
SUSD2	0.05323470830229203
SVIL	0.044346930730397104
SWAP70	0.00378153213448146
SYCE1L	0.20290787646614442
SYNE1	0.053994250440350014
SYNJ2BP	0.3483899193619009
SYNM	0.13867400945105776
SYNPO	0.02660591074816233
SYPL1	0.13936320301729385
SYT1	0.05017580268320082
SYT13	0.04863133762120259
TACC1	0.0507142002953677
TACC3	0.2503162771099189
TAF1A	0.12217458989541125
TAGLN	0.3996461995574606
TAGLN2	0.043233605871378714
TALDO1	0.18080452826049112
TAOK1	0.2175443199282368
TAOK3	0.07430944808293105
TBX2-AS1	0.1565159281536101
TBX3	0.04520915276705853
TBXAS1	0.20371894122697895
TCEAL8	0.11265478517299472
TCERG1	0.5640870467022089
TCF25	0.21681504586639738
TCOF1	0.16660158464323366
TCTEX1D2	0.01659793598213593
TDP2	0.06160851806218584
TEAD1	0.36925216240379405
TEAD4	0.37236738745989173
TERF1	0.23723289499409436
TESC	0.28316205179206866
TFAP2A	0.03605777079964281
TFAP2C	0.12016595313236682
TFDP2	0.026943916590058972
TFF1	0.17912972033895763
TFPI	0.02900766543741652
TFPI2	0.1597578122018943
TFRC	0.1997195650472472
TGFBI	0.2592783360096384
TGFBR1	0.18296938078278313
TGFBR2	0.12736929185973628
TGM2	0.00877125616887692
THAP2	0.13363134623095094
THBD	0.03600079023674362
THBS1	0.3208973572401929
THOC2	0.2762984695070191
THOC6	0.03732161225450475
THRA	0.46797602048189035
THSD4	0.36565821416379996
THSD7A	0.02833151968099192
THUMPD3-AS1	0.09670978083151244
TIAL1	0.032796406847043894
TIGAR	0.09063258606868842
TIMM23	0.11944095936065505
TIMP2	0.39505452809450714
TKT	0.08701702893277322
TLCD2	0.23917667734411516
TLE1	0.0020883176455320997
TLE3	0.11416000071997441
TLE4	0.44048256393064056
TLK1	0.04669000843230653
TM2D2	0.15447239482792935
TM4SF1	0.03374223536093731
TM4SF20	0.16064816522061467
TM4SF4	0.0523394968591964
TM7SF2	0.11508724181941124
TM7SF3	0.31079197423412813
TMA16	0.27147019632720026
TMBIM6	0.009966906183806964
TMED4	0.22295473943567548
TMED9	0.032686038757014695
TMEM106B	0.5556587109715881
TMEM107	0.14594227760273804
TMEM120B	0.010805313485425622
TMEM159	0.1303220105939712
TMEM165	0.07992630590465127
TMEM189	1.0437993184874432
TMEM2	0.27900804081100095
TMEM238	0.01058713721043384
TMEM243	0.23903268521764579
TMEM245	0.44654762078727245
TMEM30A	0.4630326786838191
TMEM37	0.08324019663667251
TMEM59	0.056998436364222374
TMEM70	0.058469571092388324
TMEM92	0.33234013166874377
TMEM98	0.045089594890528946
TMOD3	0.1242476979246828
TMPO	0.18828635065534788
TMX1	0.0911279504670634
TNFAIP2	0.5351357304783007
TNFRSF12A	0.11949884355875895
TNIP1	0.015877630048915264
TNRC6A	0.22420496271780732
TNRC6B	0.08711436725576908
TNS3	0.1696867900615845
TNS4	0.26362267441983306
TOB1	0.21067367067200882
TOP2A	0.25843886485902334
TOP2B	0.14370924834578716
TOPBP1	0.12167086913065236
TOR3A	0.04704121643356947
TP53	0.22251034470757175
TP53I11	0.2770440340907957
TP53I3	0.10219822631512823
TP53INP1	0.2602322373301822
TP53TG1	0.5378353158977558
TPD52L1	0.20549447206704058
TPD52L2	0.11747693799767041
TPM1	0.26129189761837984
TPM2	0.10273763837027272
TPM4	0.3423953198890547
TPPP3	0.0570981930266995
TPX2	0.03732129472961435
TRA2A	0.11559405917225862
TRAF3IP1	0.09981907290731627
TRAM1	0.3132567302574561
TRAP1	0.08456976170762574
TRAPPC4	0.10428456186546375
TRAPPC6A	0.08085602167768181
TRIB3	0.09888964074949444
TRIM37	0.10959171023726667
TRIM44	0.11773664996330314
TRIM47	0.0019169852023806391
TRIM56	0.08322631814186941
TRIM59	0.020423387023412568
TRIM7	0.3836423698013184
TRIML2	0.21279830691875362
TRIOBP	0.20846434866687794
TRIP12	0.058443650623345625
TRIP6	0.14346903432426222
TRMT10C	0.03468044019425664
TRMT6	0.06458389001486534
TRNP1	0.1810613146077435
TRUB2	0.06575175042683201
TSC22D1	0.047240005142626836
TSC22D4	0.2539103100174891
TSFM	0.17923013596002965
TSG101	0.14391883092583518
TSKU	0.05270060368288771
TSPAN13	0.12233762734992285
TSPAN14	0.053407223649189525
TSPAN15	0.005151921229274619
TSPYL1	0.30813765938281873
TSPYL2	0.11982009405404068
TSR1	0.3341672550202284
TTC39C	0.010059800123782327
TUBA1A	0.05250945437466237
TUBA1B	0.2238528826313863
TUBA1C	0.03004573258007799
TUBA4A	0.03593069575431204
TUBB	0.15072518745770325
TUBB4B	0.22577444811666306
TUBB6	0.027913496239133553
TUSC1	0.05174157973380455
TWIST2	0.1733212013677562
TWISTNB	0.16674184722950758
TXN	0.37888803062103016
TXNDC12	0.036434704125213255
TXNDC9	0.3226161485455322
TXNRD2	0.07987879119863726
TYW3	0.21470254740776962
UACA	0.08462899096513059
UBALD2	0.03569264890732474
UBB	0.2974740841569527
UBC	0.04988270922653001
UBE2C	0.3416215126419211
UBE2H	0.1368530112944437
UBE2S	0.6884481217322876
UBE2T	0.0044587145968349945
UBE2Z	0.14881438066693342
UBL4A	0.2263544775146987
UBN1	0.0037536365620996267
UBR4	0.13706178565719776
UBTF	0.4191821415405338
UBXN2A	0.1743581219100346
UCHL1	0.04141397795738882
UCP2	0.21797118039039487
UNC50	0.010509951347583323
UNC93B1	0.08992537905352976
UNG	0.34659652352364567
UNK	0.09676696429455288
UNKL	0.05545001572121978
UPF2	0.006325365101831904
UPF3B	0.043383387741271665
UPK1B	0.10418840492874383
UPK3B	0.12804311937964674
URB1-AS1	0.05305671250821541
USP53	0.09771243303525458
USP8	0.041685449032103326
USP9X	0.30010876790869706
UTP11L	0.20281196466568427
UTP18	0.1879386035460136
VAMP8	0.07582015800025056
VCAN	0.02194773388771161
VCL	0.2674548834595041
VDAC3	0.5854076705852409
VEGFB	0.14655399312055234
VEZT	0.3707969977169129
VIM	0.27116291917536833
VPS26A	0.1753571127540408
VPS9D1-AS1	0.4760977060658864
VTN	1.4177841118596433
WBP2	0.18170911425177794
WDR18	0.030083094258760126
WDR43	0.005008385192307903
WDR61	0.030996264793703262
WDR74	0.3256107377236059
WDR76	0.007574904723012003
WHSC1	0.09864928245378034
WISP2	0.00019326144541594213
WNT7B	0.5062326646794861
WSB1	0.21770834810556622
WWC1	0.0600425906870743
XBP1	0.035341773263500104
XPC	0.2889711708967813
XPOT	0.06553897839302651
XRCC2	0.2905791206499082
XRCC5	0.020339206438476386
XRCC6	0.497992156592562
XX-FW83563B9.5	0.03141361528560408
XXyac-YM21GA2.4	0.19627740330918628
XYLT2	0.06809269682677511
YARS	0.3950649007462686
YEATS4	0.050679581963287354
YPEL2	0.11952105030355151
YPEL3	0.07987126619583361
YPEL5	0.5306333965425076
YTHDF2	0.013995838893489461
YWHAE	0.07106419142606551
ZBED1	0.05473126541007446
ZBED5	0.009872272729778737
ZBED5-AS1	0.35932692597266297
ZBTB8A	0.024115154534564365
ZC3H12A	0.10292741139980241
ZC3H13	0.19465578826846208
ZC3H4	0.02686330477613181
ZC3HAV1	0.06660373668512141
ZCCHC11	0.02949323229801951
ZCCHC8	0.03921280831437348
ZFHX3	0.16872151816297074
ZFP36	0.043820304821470646
ZFP36L1	0.3128723917035013
ZFP36L2	0.22638737902473338
ZFPM1	0.138560080868052
ZFX	0.27871209831419347
ZKSCAN1	0.22030791155297288
ZMAT3	0.23210257301747708
ZMYND19	0.2845254598913082
ZNF106	0.03065893794091678
ZNF22	0.20761453751066838
ZNF281	0.08811916132544469
ZNF32	0.07376292096252136
ZNF326	0.1611100271042691
ZNF385A	0.12184316512478556
ZNF467	0.13006811601585522
ZNF480	0.002503140075872472
ZNF524	0.09323525136045906
ZNF544	0.15522396367758762
ZNF546	0.0366850000949952
ZNF581	0.12035809543823367
ZNF622	0.10318304253413453
ZNF638	0.11603202242135084
ZNF655	0.0941295515365288
ZNF703	0.07998215776503868
ZNF787	0.20123124821979083
ZRANB2	0.04454913826546962
ZYX	0.1330243534835689