,0,1,2,3,4
G12V,63.73,27.73,5.33,1.33,1.87
D33E,64.36,27.72,4.79,1.49,1.65
Q61H,72.04,22.78,2.83,1.23,1.11
S136N,67.52,24.97,4.97,1.58,0.97
Q22H,65.62,26.51,5.28,1.4,1.19
K147T,66.63,26.65,3.81,1.7,1.2
D119G,63.52,29.45,4.32,1.81,0.9
R41K,70.59,23.02,4.01,1.11,1.28
A130V,67.09,25.83,4.66,0.81,1.61
K88K,66.96,24.64,4.54,2.61,1.26
G60S,67.42,25.59,3.84,1.48,1.67
G13C,63.85,29.33,4.15,2.07,0.59
C185Y,66.67,23.95,4.92,2.09,2.37
V112I,70.31,22.4,5.19,0.82,1.28
R135T,69.4,24.78,2.91,1.32,1.59
V14I,65.45,28.53,3.36,1.26,1.4
G13R,67.97,27.12,3.1,1.31,0.49
G60V,67.45,25.68,4.33,1.41,1.13
L79I,71.01,22.77,3.51,1.2,1.5
I163S,64.9,27.25,4.93,1.69,1.23
A59E,65.8,28.18,3.07,2.05,0.91
T158T,68.11,23.05,4.94,1.99,1.91
Q61P,67.45,24.14,5.08,0.98,2.35
C118S,67.94,24.45,4.38,1.81,1.43
T74T,67.78,24.78,4.58,1.61,1.24
A59T,67.05,26.23,4.22,1.48,1.03
P34R,64.44,27.28,4.94,1.73,1.6
T50T,68.87,23.99,3.87,1.46,1.81
Q61K,71.61,20.51,6.04,1.1,0.73
V8V,66.46,25.89,3.86,2.04,1.74
K179R,68.29,24.09,5.03,1.18,1.4
G60D,70.01,23.99,3.64,1.08,1.28
S17S,67.37,25.43,3.75,1.65,1.8
P34L,65.07,26.89,5.56,1.7,0.77
T50P,64.98,27.9,4.94,1.38,0.8
M170L,68.24,24.68,4.08,1.91,1.09
P110S,67.25,24.6,5.21,1.07,1.87
G13V,65.79,26.35,4.89,2.09,0.87
A59G,66.38,27.03,4.13,1.35,1.11
AG11TD,67.96,24.77,5.57,0.93,0.77
A146V,67.11,27.01,3.55,1.52,0.81
T144P,67.38,24.84,5.16,1.15,1.48
G12F,67.6,26.45,2.98,1.65,1.32
T74A,72.03,20.3,4.46,2.23,0.99
F141L,68.7,22.87,5.54,1.56,1.33
A155G,70.0,21.84,4.87,1.97,1.32
WT,64.85,26.36,5.27,1.76,1.76
Q99E,66.52,26.66,3.76,1.66,1.4
I36M,64.58,29.52,3.34,1.14,1.42
G12S,71.27,22.4,4.52,0.23,1.58
L52F,66.33,26.79,3.81,1.46,1.61
D173D,67.02,26.06,4.33,1.06,1.54
K169K,67.55,24.0,5.66,0.91,1.89
T158A,67.1,24.58,4.74,1.46,2.12
G12I,69.69,24.73,3.69,0.6,1.3
G75A,66.5,25.14,5.68,1.38,1.3
V14L,66.96,23.85,5.03,2.84,1.31
N26Y,69.8,24.5,2.62,1.85,1.23
M111L,65.62,26.57,4.77,1.93,1.12
AG59GV,66.79,25.21,4.69,1.56,1.75
T144T,70.85,22.51,4.25,1.66,0.73
L159S,69.23,24.38,4.15,1.0,1.23
R164Q,67.4,24.88,4.66,1.84,1.23
R68S,67.75,25.43,4.22,1.3,1.3
T50I,67.11,25.33,4.38,1.46,1.72
D30D,66.47,25.65,5.27,1.37,1.23
A146T,66.63,26.56,5.05,0.71,1.06
T20T,69.11,24.48,4.24,1.32,0.85
Q61L,66.53,28.21,3.37,0.81,1.08
G12Y,65.77,27.35,4.78,0.9,1.2
K176Q,67.3,24.84,5.84,0.64,1.38
K5E,62.88,29.61,5.36,0.86,1.29
G12C,67.77,25.93,4.01,1.0,1.29
K147N,68.9,23.3,4.46,2.01,1.34
G12A,65.88,27.44,4.82,0.99,0.87
Q61R,70.14,25.35,3.12,0.58,0.81
T20R,67.02,26.06,4.08,1.24,1.6
G12R,67.35,24.56,5.07,1.11,1.9
R149K,65.7,24.22,6.0,2.04,2.04
G13E,64.39,29.09,4.39,0.91,1.21
T127T,68.56,23.56,4.76,1.35,1.77
Q25H,67.39,25.72,4.94,0.72,1.23
K178K,67.24,25.39,4.1,1.64,1.64
D57N,68.29,24.35,4.87,0.95,1.54
Y166H,67.36,25.5,4.28,2.0,0.86
K117R,68.19,23.76,4.56,1.61,1.88
T20M,66.34,27.32,3.41,1.56,1.37
G77A,67.09,25.07,4.83,1.55,1.46
Q61A,64.19,27.91,5.12,2.02,0.78
K117N,65.21,30.03,3.17,0.79,0.79
G12D,63.74,27.93,5.41,1.35,1.58
E63K,69.55,23.62,4.58,1.38,0.87
A66A,67.65,24.42,5.18,1.85,0.9
Q22K,67.18,26.13,4.38,1.16,1.16
T58I,67.35,24.82,4.82,1.57,1.45
L19F,66.52,24.78,5.51,1.59,1.59
E31K,68.22,25.15,3.8,2.33,0.49
A146P,66.77,25.97,4.21,1.47,1.58
