,0,1,2,3,4,5,6,7,8,9,10,11,12
K117N,13.05,3.52,13.71,3.66,14.62,11.62,10.97,7.44,2.09,12.01,4.31,1.83,1.17
R135T,13.39,15.57,8.87,13.91,9.04,7.91,7.57,10.0,4.78,2.7,2.7,1.83,1.74
A146V,14.97,7.64,13.77,7.14,11.06,9.05,9.45,8.64,3.12,9.25,3.22,1.11,1.61
T158T,13.38,14.49,8.58,11.84,10.38,7.89,8.66,7.29,5.83,3.09,3.52,2.74,2.32
S17S,12.34,13.9,9.98,13.08,9.09,9.61,9.39,6.65,7.69,2.73,2.51,1.4,1.63
G77A,13.65,12.03,9.58,10.76,10.31,9.67,9.31,6.87,6.06,3.71,4.34,1.72,1.99
K178K,12.96,13.62,10.16,12.08,9.35,7.95,9.06,9.28,5.67,3.61,2.8,1.99,1.47
E31K,10.49,10.49,10.86,14.11,9.29,11.22,10.01,6.63,7.84,2.41,3.26,1.81,1.57
T50T,11.92,14.12,12.17,13.02,8.79,9.21,8.2,7.61,6.17,3.21,1.94,1.44,2.2
G12V,12.11,5.26,13.95,5.79,16.05,12.11,10.26,6.05,3.16,8.95,2.11,1.84,2.37
C185Y,12.96,10.62,9.72,10.98,9.27,9.99,9.27,8.19,6.03,3.42,4.23,1.71,3.6
V14I,13.43,10.8,11.5,12.47,9.83,9.0,9.42,6.93,5.54,4.99,2.77,1.94,1.39
G12A,12.32,6.22,11.1,7.93,13.41,11.46,8.66,8.29,3.54,8.17,4.27,2.56,2.07
G12R,14.11,5.49,12.07,3.92,13.17,8.46,11.76,7.37,3.92,10.34,4.55,3.76,1.1
G12D,12.92,6.24,10.24,5.35,14.7,12.69,10.02,7.35,2.9,8.91,2.67,3.12,2.9
T144T,10.85,13.2,11.98,11.87,9.42,10.13,8.29,7.27,7.68,2.46,3.28,1.94,1.64
M170L,12.86,13.66,9.2,13.21,10.36,7.86,9.82,7.86,5.62,2.77,2.95,2.14,1.7
G60D,13.47,9.88,12.21,11.34,8.62,10.56,8.62,6.88,5.33,5.04,4.07,2.33,1.65
D33E,12.07,12.72,7.5,15.01,9.79,9.46,9.79,7.5,5.38,4.57,2.94,1.79,1.47
L159S,11.6,13.87,9.86,11.83,8.95,8.34,10.39,6.52,8.72,3.71,3.11,1.59,1.52
I163S,13.01,15.05,9.76,12.86,8.85,8.85,8.47,7.79,6.58,2.34,2.8,1.59,2.04
A146T,12.43,6.62,12.89,3.72,15.91,10.92,11.5,7.08,2.9,9.29,3.02,2.32,1.39
A146P,11.85,5.72,15.8,4.99,13.1,11.02,11.85,6.24,2.18,10.29,3.53,1.46,1.98
T74A,13.74,11.41,11.66,7.61,10.06,12.15,9.57,8.59,4.54,2.7,4.17,2.45,1.35
T74T,13.55,12.45,10.13,10.99,9.52,7.94,8.67,9.89,5.86,3.66,3.54,1.95,1.83
A155G,12.04,12.7,8.77,16.23,11.78,8.51,9.16,6.41,5.37,3.27,1.05,1.7,3.01
R164Q,12.11,12.95,10.17,13.56,8.11,8.11,10.05,7.75,6.66,3.87,3.27,1.69,1.69
S136N,13.4,12.56,10.41,14.0,8.61,7.18,9.21,6.7,7.78,2.87,3.83,1.79,1.67
Q61H,14.27,5.85,13.29,4.02,11.34,11.71,11.46,8.17,2.2,10.24,4.76,1.59,1.1
D57N,13.29,10.24,12.47,11.06,8.0,10.71,9.53,6.0,6.35,4.12,4.12,2.12,2.0
K88K,12.65,10.94,11.13,12.18,9.61,9.23,9.8,8.66,5.42,3.43,2.85,2.28,1.81
L52F,13.36,11.93,9.91,10.2,9.05,10.06,10.06,8.33,5.75,3.16,5.17,1.72,1.29
D119G,17.55,8.87,12.96,6.88,8.87,9.87,9.77,7.98,3.99,4.99,4.49,2.19,1.6
Q99E,11.85,13.84,8.74,12.02,9.17,10.9,9.08,6.23,7.87,2.77,3.63,1.9,1.99
K5E,11.65,13.35,14.41,10.17,9.11,8.9,10.59,5.93,5.08,3.39,4.03,2.54,0.85
T50I,12.45,13.63,9.44,11.93,9.7,9.17,10.09,6.03,5.77,4.33,3.41,2.49,1.57
G13R,11.77,4.03,16.29,2.74,13.39,10.81,10.48,7.9,2.1,12.74,4.68,1.94,1.13
G60V,14.02,10.12,11.7,7.89,10.03,10.77,8.64,6.87,5.39,6.41,4.92,2.04,1.21
Q22K,14.65,10.19,13.38,8.15,8.28,8.79,10.83,7.26,5.22,5.35,4.33,2.17,1.4
M111L,13.67,12.46,11.16,13.17,8.04,6.63,8.34,8.14,7.14,3.82,2.81,2.21,2.41
Q61P,15.48,10.13,12.66,8.57,7.21,11.39,9.44,6.04,5.55,3.6,4.67,2.04,3.21
T20M,13.24,11.9,11.43,9.62,8.95,9.71,10.48,5.33,6.86,3.52,5.81,2.1,1.05
D173D,10.78,13.33,10.21,13.8,8.79,8.88,8.32,7.94,6.43,3.59,3.21,1.89,2.84
P34L,12.23,9.79,8.87,10.24,9.94,11.77,9.48,9.94,4.89,4.74,3.82,1.38,2.91
G60S,13.42,10.51,11.48,7.98,8.75,11.38,12.45,5.45,5.93,4.86,4.18,2.33,1.26
K117R,14.38,9.23,10.82,5.94,12.66,9.89,11.74,7.52,4.09,4.88,4.49,2.9,1.45
R149K,11.65,11.97,10.28,13.98,7.52,8.47,8.69,9.11,6.04,3.39,3.81,2.97,2.12
G13V,13.92,3.61,14.95,4.12,13.75,10.14,9.45,9.11,2.41,10.82,3.78,2.06,1.89
AG59GV,15.58,9.33,12.59,6.79,10.51,9.96,11.14,6.34,3.71,6.34,3.62,2.36,1.72
Q25H,10.47,19.0,7.01,14.13,11.18,6.71,6.71,9.96,6.81,2.54,1.32,2.13,2.03
N26Y,11.5,7.41,9.98,10.29,10.89,10.44,12.71,7.41,6.81,5.14,4.39,1.51,1.51
G12S,9.93,9.05,13.25,8.83,15.45,9.71,7.28,7.06,2.65,8.17,5.3,2.21,1.1
K169K,11.19,12.24,11.49,12.39,9.78,9.7,8.73,6.79,6.57,2.99,3.36,2.76,2.01
A59E,15.58,9.53,14.46,6.17,10.65,10.31,10.54,5.83,3.7,5.49,4.93,1.35,1.46
A59T,12.42,8.92,13.21,8.69,10.61,10.05,10.5,6.77,3.16,7.67,4.29,2.82,0.9
Q22H,13.87,12.38,10.14,9.39,7.26,10.03,9.82,7.9,7.47,4.38,3.74,1.49,2.13
C118S,13.43,13.15,10.42,12.68,10.05,8.92,6.76,8.64,6.29,3.1,2.35,1.88,2.35
Y166H,11.57,15.33,9.6,13.36,9.31,9.31,8.0,7.9,5.17,3.1,3.86,2.54,0.94
G12I,12.65,4.9,14.8,5.39,14.22,9.22,11.18,8.04,2.35,8.14,5.59,1.86,1.67
T20T,11.69,14.47,8.81,13.82,9.93,9.74,7.7,7.88,6.03,3.53,2.97,1.48,1.95
T127T,11.49,14.37,9.81,12.68,8.06,9.11,9.25,7.71,8.06,2.73,2.52,2.1,2.1
A130V,11.07,14.44,12.05,12.31,8.41,9.65,8.95,6.73,4.96,3.01,3.9,1.68,2.83
T50P,13.43,11.63,10.38,11.74,7.45,9.82,10.5,7.56,6.43,3.72,3.39,1.69,2.26
A59G,13.73,8.24,12.0,8.78,9.73,10.59,9.65,6.75,3.29,8.16,5.57,1.88,1.65
G13C,13.43,7.88,12.26,6.28,13.43,11.68,10.8,8.61,1.46,8.32,2.63,1.17,2.04
G75A,12.52,12.76,9.87,14.45,8.35,8.11,8.11,7.78,8.11,2.57,2.73,2.41,2.25
E63K,12.28,13.13,11.08,11.42,10.74,8.35,7.93,8.7,5.54,4.6,2.64,1.96,1.62
L79I,11.42,13.9,8.84,14.4,11.62,8.44,8.74,9.63,4.97,2.28,2.88,1.29,1.59
K179R,12.56,14.1,10.21,13.8,9.91,9.32,8.37,6.17,5.58,3.3,2.64,2.57,1.47
G12Y,10.96,9.33,12.15,8.0,15.26,9.93,7.11,8.44,2.67,7.56,4.0,2.22,2.37
G13E,11.71,4.2,15.02,4.05,12.01,10.21,12.01,5.86,2.25,12.76,5.56,2.55,1.8
G12F,11.73,8.96,9.61,8.47,11.4,11.24,11.89,8.63,4.56,5.37,4.72,2.44,0.98
I36M,16.04,7.7,12.96,7.84,7.14,10.64,12.68,6.79,5.95,3.99,4.9,1.82,1.54
A66A,12.24,14.45,9.34,13.63,9.97,8.58,7.89,7.32,7.19,2.9,2.9,1.89,1.7
K147N,14.96,15.07,9.28,10.92,6.99,9.72,9.5,7.75,6.55,3.49,3.06,0.87,1.86
F141L,12.87,13.02,10.25,13.1,10.32,8.24,9.24,7.94,5.55,3.31,2.47,1.85,1.85
K147T,11.42,14.17,9.94,12.6,10.33,7.48,10.33,7.97,6.3,3.25,2.76,1.97,1.48
Q61A,15.22,3.65,14.76,3.96,14.46,10.81,10.2,6.54,1.67,10.35,3.96,2.13,2.28
AG11TD,11.52,4.45,13.06,8.14,14.13,10.29,10.14,7.99,3.07,8.45,4.76,1.84,2.15
P110S,10.3,12.95,10.3,15.59,9.91,7.4,9.64,7.93,6.08,3.43,1.85,2.91,1.72
K176Q,12.32,13.89,11.68,12.63,9.16,8.63,7.58,7.16,4.32,4.84,3.26,2.42,2.11
P34R,14.67,9.05,11.61,10.02,10.27,9.78,9.66,7.21,5.87,4.16,3.79,2.2,1.71
V8V,14.22,12.65,8.91,12.35,9.28,8.76,9.21,7.49,6.14,3.67,3.52,1.87,1.95
WT,9.83,16.9,9.31,12.41,8.45,10.69,7.07,8.79,5.34,4.14,2.41,1.72,2.93
R68S,17.48,8.82,11.71,8.34,6.66,9.7,12.35,4.73,6.66,3.93,5.69,1.76,2.17
T158A,12.71,13.21,9.4,13.64,8.61,9.4,8.9,6.82,5.53,3.59,3.95,1.65,2.58
G12C,14.99,5.09,13.86,6.22,15.28,8.77,7.07,10.18,2.12,8.63,3.39,2.26,2.12
D30D,11.18,14.89,9.26,13.53,8.12,9.97,9.19,6.27,6.41,4.7,2.64,1.92,1.92
L19F,16.43,10.14,11.57,9.29,10.29,7.86,8.86,8.0,3.57,4.71,4.43,2.29,2.57
T58I,15.49,8.04,13.57,6.72,9.84,11.76,10.92,6.24,3.6,5.52,3.48,2.52,2.28
Q61L,13.5,4.01,16.31,4.41,13.37,10.96,8.02,5.88,2.01,14.57,4.41,1.74,0.8
V14L,12.43,7.03,13.62,6.16,10.16,9.62,14.16,7.35,3.78,6.92,4.86,1.62,2.27
Q61K,16.3,10.14,15.4,9.06,7.97,10.51,9.24,6.7,5.07,2.9,2.72,2.36,1.63
Q61R,15.33,5.15,17.62,4.0,11.78,10.3,10.53,4.58,1.95,11.9,4.12,1.49,1.26
T20R,16.02,10.39,11.44,10.74,6.16,11.09,9.33,8.27,6.51,3.17,2.99,1.94,1.94
R41K,15.0,12.38,10.45,9.94,9.1,11.63,9.01,7.33,5.48,2.86,3.29,2.11,1.43
V112I,13.06,15.23,10.45,11.8,8.02,9.19,7.84,8.56,6.49,2.34,3.15,2.16,1.71
T144P,14.03,10.54,9.65,11.27,6.57,11.6,12.33,6.24,6.33,3.0,3.97,2.51,1.95
