,0,1,2,3,4,5,6,7,8,9,10,11,12,13,14
T74T,18.68,13.92,10.62,6.84,8.18,6.84,8.91,5.01,5.25,0.61,5.49,4.76,3.42,1.47,0.0
L159S,18.2,11.37,11.68,7.88,8.64,8.57,7.43,7.35,4.47,1.36,4.78,3.26,3.18,1.21,0.61
C118S,17.65,11.36,10.42,8.73,7.32,8.26,7.89,6.95,5.63,1.22,5.16,3.76,4.13,1.31,0.19
K147T,18.01,11.02,9.55,8.76,11.32,6.69,5.81,5.71,6.69,1.77,6.1,3.94,2.95,1.57,0.1
A146P,19.33,5.93,3.85,9.36,5.51,4.47,3.12,8.32,5.72,23.6,3.01,3.01,3.12,1.46,0.21
L79I,16.19,13.7,9.43,6.75,7.85,10.13,8.14,7.25,5.06,1.59,5.26,3.38,3.48,1.09,0.7
G12R,18.03,3.61,5.33,7.21,5.96,4.39,6.58,9.72,4.55,22.26,2.51,2.98,3.61,2.51,0.78
P34L,18.35,13.0,7.95,7.34,5.05,10.24,7.65,7.34,7.19,1.68,4.28,4.28,4.13,1.22,0.31
M170L,16.88,11.34,9.82,7.41,8.93,9.02,6.79,6.96,6.07,1.79,6.07,3.66,3.04,1.79,0.45
G13E,18.32,2.1,1.95,10.21,4.65,3.15,1.8,5.71,7.36,32.88,2.7,2.55,2.85,2.1,1.65
T50P,19.07,11.51,9.59,8.8,7.67,7.22,7.67,6.55,6.66,0.9,5.08,3.84,3.39,1.69,0.34
P34R,19.44,10.88,7.82,7.95,5.99,5.99,9.05,7.46,5.87,3.18,5.75,4.28,3.91,1.96,0.49
F141L,15.64,13.71,8.32,9.17,8.94,8.17,6.78,6.55,5.93,1.31,5.93,3.78,3.39,1.93,0.46
A146T,19.63,5.34,3.37,9.52,5.57,4.65,4.41,9.29,5.69,19.4,4.18,3.02,2.9,2.32,0.7
G12F,19.38,12.38,6.51,6.68,7.65,5.86,5.21,7.0,5.05,10.59,4.56,3.91,2.61,1.63,0.98
T144P,17.92,10.54,12.41,9.0,6.57,8.11,8.19,4.95,5.35,1.54,5.11,4.38,3.41,2.11,0.41
G12C,18.1,6.79,3.96,7.5,7.21,3.68,4.1,10.47,6.65,20.23,3.68,2.83,2.55,1.98,0.28
S136N,18.18,10.89,9.69,8.73,6.46,8.97,8.73,7.06,5.02,0.84,6.46,3.71,2.63,1.79,0.84
K179R,19.02,11.89,10.65,8.59,7.56,8.74,8.74,5.14,4.11,1.62,5.07,2.79,3.67,2.13,0.29
I163S,19.44,9.61,9.46,8.25,7.72,8.7,7.34,5.07,6.43,1.06,6.96,4.46,3.63,1.66,0.23
N26Y,16.79,13.16,11.35,7.41,7.72,7.56,8.02,6.51,5.6,1.97,5.3,4.54,2.87,0.91,0.3
G60D,16.38,12.4,10.85,9.59,6.4,6.59,9.4,6.78,6.1,1.74,6.2,2.52,2.62,1.84,0.58
G13R,18.39,2.26,3.23,9.84,4.52,1.45,2.1,5.97,7.42,35.65,2.74,3.39,1.77,0.97,0.32
G77A,18.44,12.48,8.77,8.95,8.14,7.69,8.5,6.69,5.24,1.36,5.24,3.53,3.44,1.18,0.36
Q61R,17.73,2.97,3.43,8.12,6.06,2.86,1.14,10.18,6.06,32.95,3.09,1.49,2.4,1.14,0.34
T20R,17.43,9.15,12.85,9.51,5.11,7.04,8.45,6.87,7.22,1.23,5.46,4.23,3.17,1.94,0.35
G75A,17.98,11.64,9.71,8.19,6.98,8.43,9.39,6.42,5.86,1.61,4.09,3.77,3.61,2.25,0.08
K117R,16.36,11.87,8.31,8.44,9.37,5.8,7.65,6.33,6.2,4.22,5.41,4.22,3.3,2.11,0.4
V112I,17.48,11.53,11.89,6.94,8.2,7.21,9.19,6.85,4.32,0.99,6.31,3.6,3.15,1.98,0.36
R164Q,18.16,13.08,8.96,9.69,8.47,7.99,7.63,5.33,5.08,0.97,5.57,3.63,4.0,1.21,0.24
Q22K,18.85,11.46,9.68,6.88,8.41,7.9,6.5,7.77,5.35,3.44,4.59,3.18,3.69,1.91,0.38
Q61L,18.72,1.47,3.34,9.89,5.61,2.14,2.67,7.49,7.62,32.49,2.54,2.01,2.54,0.94,0.53
D30D,19.37,10.04,10.97,8.76,7.34,9.4,7.69,5.98,4.84,0.93,5.41,3.42,3.99,1.64,0.21
T144T,16.48,13.0,11.57,7.27,7.88,7.88,7.98,7.88,4.4,1.33,4.91,4.91,2.87,1.43,0.2
Q22H,17.82,8.43,12.59,9.71,6.51,7.47,8.64,6.51,6.62,1.07,4.48,3.63,3.74,2.13,0.64
E31K,17.25,10.01,10.74,8.44,6.63,7.36,11.22,4.7,6.27,1.09,5.43,6.27,2.53,1.81,0.24
R149K,16.31,10.49,8.69,9.64,6.25,7.1,8.37,6.36,5.93,2.12,5.72,5.4,4.45,2.65,0.53
K169K,16.57,9.4,11.04,9.63,7.46,8.58,7.84,7.84,5.45,1.42,5.37,2.46,4.48,1.64,0.82
V14I,18.56,11.22,11.63,8.17,8.86,5.26,6.65,6.09,7.34,1.39,5.96,3.46,3.32,1.39,0.69
D33E,19.09,10.93,6.2,8.81,9.46,7.83,7.5,7.01,6.85,2.45,4.57,3.59,3.43,1.31,0.98
D57N,16.24,8.47,13.41,9.06,6.35,8.94,8.35,6.24,6.12,1.29,5.65,3.41,4.12,2.12,0.24
L19F,18.43,9.29,12.14,6.57,7.86,7.71,7.29,7.0,4.71,3.14,5.29,3.86,4.71,1.71,0.29
V8V,18.34,10.48,9.58,9.06,7.78,7.71,7.19,7.71,5.84,1.27,5.84,3.89,3.74,1.27,0.3
G60S,18.68,9.92,11.87,10.02,7.3,8.07,7.2,5.84,5.54,2.33,5.45,3.11,2.92,1.46,0.29
L52F,20.4,10.78,10.34,7.76,7.33,8.48,8.76,5.75,5.46,1.44,5.32,3.45,3.59,1.01,0.14
Q61A,18.87,4.57,3.96,9.13,5.18,4.41,3.81,7.61,6.24,21.92,3.81,4.26,3.81,1.98,0.46
D119G,21.44,9.57,7.38,6.98,8.37,7.88,7.08,7.68,6.58,4.49,3.79,3.39,2.99,1.99,0.4
K88K,17.89,11.04,10.47,8.94,7.23,8.75,7.23,6.47,5.23,2.0,4.85,4.85,2.85,1.81,0.38
T158T,15.61,11.49,10.12,8.49,9.95,7.98,6.0,6.35,6.26,1.11,6.0,4.46,4.12,1.89,0.17
Y166H,18.63,13.73,9.78,6.68,8.18,8.47,6.87,5.83,5.83,0.85,7.06,3.76,2.07,2.26,0.0
D173D,18.62,13.89,8.88,7.84,7.18,8.6,8.22,6.62,6.14,0.66,4.91,3.5,3.21,1.51,0.19
R135T,17.74,11.13,10.43,8.87,8.78,7.83,9.3,5.22,5.74,0.7,5.91,3.22,3.22,1.57,0.35
T58I,20.41,10.68,10.44,7.68,6.6,6.12,7.8,7.56,3.6,4.32,5.28,3.36,3.72,2.4,0.0
T127T,16.82,10.44,9.18,8.83,8.13,9.46,8.9,5.96,5.33,1.19,5.47,4.41,4.06,1.61,0.21
A130V,18.95,12.75,9.39,9.57,8.41,8.06,8.06,4.52,5.23,1.42,5.05,2.83,3.63,1.77,0.35
E63K,16.79,12.28,9.97,8.1,9.04,8.53,7.16,6.99,4.77,1.88,5.46,3.41,2.9,2.05,0.68
A59T,18.4,12.3,7.67,7.9,7.0,7.67,7.56,6.77,6.21,4.97,5.3,3.16,2.37,2.48,0.23
P110S,18.49,13.08,8.32,8.45,9.64,8.19,9.38,4.62,4.76,1.19,3.96,3.7,4.23,1.72,0.26
S17S,17.96,12.12,10.57,7.32,7.91,8.87,6.65,5.76,5.91,0.74,7.17,3.84,3.7,1.33,0.15
A155G,15.31,11.91,10.86,9.16,6.41,8.38,6.15,9.29,4.19,1.44,5.89,5.24,3.4,1.57,0.79
G13C,21.31,8.61,3.65,7.3,8.32,4.53,3.21,10.07,6.28,14.16,4.96,3.5,2.77,0.73,0.58
T20M,18.95,11.33,13.9,8.76,6.57,8.57,8.1,3.05,5.9,1.14,4.29,4.29,3.71,1.05,0.38
AG59GV,17.39,11.96,9.06,6.7,7.07,7.97,6.7,8.33,5.07,4.62,4.71,4.08,3.89,1.72,0.72
K5E,21.19,11.23,12.08,5.72,5.72,7.42,7.2,6.57,7.42,2.33,4.45,2.75,3.6,2.33,0.0
K117N,19.71,2.74,3.13,7.57,4.18,2.35,4.31,6.66,8.36,31.33,3.39,1.96,2.87,1.04,0.39
G12V,20.53,3.68,4.21,8.68,5.26,1.32,3.42,9.74,6.32,25.79,3.42,2.11,3.68,1.32,0.53
R41K,16.85,11.79,12.47,8.59,7.41,7.08,8.76,6.23,4.63,1.52,6.32,3.71,2.53,1.85,0.25
K147N,15.61,12.45,9.39,9.17,8.08,9.93,8.52,4.59,5.79,0.98,5.57,4.8,3.93,0.87,0.33
A59E,20.52,9.3,7.51,6.61,7.29,6.5,6.73,8.3,6.5,7.4,4.82,4.48,2.58,1.12,0.34
K178K,18.26,11.49,8.25,7.51,7.73,8.84,8.76,6.11,5.08,1.33,4.93,5.15,3.98,1.77,0.81
A146V,18.89,8.54,6.23,7.74,7.94,6.63,4.42,9.35,6.63,12.06,3.62,3.72,3.02,1.01,0.2
I36M,19.75,8.61,10.5,8.75,6.72,8.47,6.72,5.88,6.72,2.31,5.88,3.92,3.5,1.47,0.77
Q61H,15.37,5.24,5.12,7.44,6.1,4.39,3.54,9.39,6.59,25.24,4.51,3.41,1.95,1.46,0.24
T50T,17.41,11.5,9.72,8.28,8.2,10.48,6.93,6.51,5.16,1.18,5.66,3.72,3.72,1.27,0.25
A66A,18.11,11.67,10.66,7.89,7.0,8.01,7.76,6.62,4.86,1.14,6.18,4.86,2.9,1.89,0.44
G12I,15.98,3.14,4.9,6.86,4.71,2.75,3.92,7.84,6.76,32.06,3.92,2.16,2.65,1.96,0.39
G12Y,19.26,12.59,7.26,9.04,5.33,5.04,7.41,8.0,6.07,8.3,3.56,2.52,2.96,2.07,0.59
R68S,18.68,10.43,12.99,8.74,6.74,6.74,7.86,6.17,5.21,2.41,5.69,2.89,4.09,1.04,0.32
G12A,17.68,8.05,3.05,6.1,6.59,6.34,4.15,10.24,8.29,18.05,3.29,2.2,3.05,2.2,0.73
AG11TD,17.97,2.61,3.99,7.68,3.84,3.07,4.61,6.91,6.14,31.34,3.69,2.61,3.84,1.38,0.31
Q61P,16.85,10.91,11.49,7.79,7.01,4.58,9.54,7.01,6.72,2.43,6.43,2.82,4.19,1.95,0.29
Q61K,15.04,10.69,12.86,8.15,8.51,5.98,9.06,6.88,3.8,3.62,4.71,4.89,2.72,2.36,0.72
A59G,18.51,9.88,6.51,6.75,7.84,6.9,5.57,7.29,7.14,10.04,4.31,3.92,3.22,1.8,0.31
V14L,17.95,10.59,8.65,7.46,7.89,6.38,6.59,8.32,4.97,6.81,3.35,5.73,3.24,1.73,0.32
K176Q,18.53,12.21,10.63,7.79,7.47,7.79,6.95,6.74,5.58,1.68,6.21,2.21,3.68,2.32,0.21
G12D,19.15,1.78,3.12,8.02,4.68,2.0,3.56,6.46,7.8,33.63,2.23,2.23,2.9,2.45,0.0
Q99E,19.29,10.9,11.07,7.27,7.18,7.18,7.79,6.14,5.8,1.56,6.23,4.24,3.46,1.82,0.09
G12S,16.11,9.93,7.28,5.52,7.28,4.19,6.84,11.26,3.97,17.22,3.31,1.32,3.75,1.99,0.0
Q25H,18.29,11.79,9.04,8.74,9.96,9.15,7.72,5.39,5.89,0.2,5.18,2.74,3.46,2.13,0.3
T20T,17.63,12.8,9.93,7.7,8.07,7.61,9.28,5.75,5.66,1.3,5.47,4.08,2.88,1.48,0.37
T74A,14.6,10.06,15.34,8.22,6.63,6.5,8.83,6.38,4.29,2.82,6.26,5.4,2.33,2.21,0.12
G13V,19.07,2.23,2.41,8.59,4.64,2.23,4.3,6.36,6.19,33.16,2.06,3.26,3.26,2.06,0.17
WT,19.48,13.79,8.28,8.62,7.07,10.0,6.38,5.0,5.34,0.69,4.14,5.86,3.97,1.21,0.17
C185Y,16.29,11.34,12.24,7.29,6.66,7.83,8.1,5.13,6.3,2.16,5.04,4.5,5.49,1.08,0.54
G60V,17.55,10.4,11.23,7.24,5.94,8.45,7.8,7.52,5.94,2.51,6.31,3.99,2.79,1.58,0.74
M111L,18.89,12.46,9.25,8.64,9.25,7.04,7.04,4.82,5.43,1.01,4.52,5.43,3.62,2.01,0.6
T50I,18.61,12.71,10.88,6.55,8.65,8.65,6.55,6.42,5.64,1.44,4.85,3.54,3.54,1.83,0.13
T158A,17.66,13.78,10.12,7.04,7.68,7.82,7.11,6.17,5.1,1.58,5.6,3.8,4.45,1.44,0.65
