,0,1,2,3,4,5,6,7,8,9,10,11,12,13,14,15
T74A,12.44,12.44,13.17,8.05,9.39,5.98,6.34,5.49,5.24,5.12,4.88,5.0,3.9,0.61,1.95,0.0
T127T,8.55,10.78,12.1,8.62,7.58,11.27,5.7,4.31,6.75,7.09,4.52,3.27,5.49,2.16,1.81,0.0
M170L,8.04,11.75,10.95,10.34,6.98,8.75,4.77,4.86,7.77,8.83,4.68,3.53,6.18,1.24,1.33,0.0
L79I,9.58,13.43,10.76,8.88,6.71,7.4,5.03,5.43,8.19,8.39,4.74,3.46,5.43,1.48,0.99,0.1
K178K,8.53,10.64,9.18,8.82,7.29,9.4,6.41,5.69,8.97,6.63,5.69,4.52,5.32,1.46,1.38,0.07
R41K,10.15,11.73,12.48,9.48,7.24,7.99,6.66,5.24,7.65,5.16,4.66,5.41,3.49,1.33,1.33,0.0
G77A,9.07,12.04,10.87,8.54,8.54,8.54,5.84,5.03,8.0,7.28,3.77,5.48,3.95,1.53,1.44,0.09
F141L,9.92,11.59,9.0,8.7,7.32,9.61,5.8,5.49,8.54,7.09,4.81,3.66,5.64,1.45,1.37,0.0
T20M,9.76,9.19,11.73,9.01,8.35,9.66,9.38,7.79,6.38,5.91,3.0,4.69,2.53,1.13,1.41,0.09
I163S,7.79,9.14,10.41,9.74,7.04,9.14,6.59,5.24,8.24,7.57,5.47,5.32,5.69,1.72,0.9,0.0
R68S,11.08,8.71,9.82,9.66,9.74,6.41,10.13,8.0,5.23,5.3,2.77,7.13,2.61,1.98,1.43,0.0
D119G,14.82,8.99,9.29,10.38,8.2,6.42,9.58,6.52,2.87,4.94,4.94,7.81,2.37,1.38,1.38,0.1
K169K,9.18,12.88,11.1,8.36,7.03,9.4,5.26,4.89,8.36,7.11,3.85,4.37,4.74,1.85,1.63,0.0
T144T,9.94,11.16,10.75,8.42,5.38,8.62,6.29,5.68,8.62,8.62,4.46,4.56,4.87,1.42,1.22,0.0
A59G,15.95,9.42,9.11,9.49,6.93,4.12,11.05,7.24,4.59,5.21,4.44,7.39,2.33,1.4,1.32,0.0
WT,10.12,12.18,10.63,10.46,6.69,10.12,4.63,3.95,7.38,6.69,5.32,4.12,4.29,2.57,0.86,0.0
A146P,19.63,11.41,8.84,7.3,4.93,3.19,16.34,8.53,2.26,2.88,2.36,7.71,1.13,1.85,1.64,0.0
T74T,11.37,13.54,9.31,9.67,6.65,7.62,6.77,4.59,5.2,6.77,5.56,4.47,5.56,1.45,1.33,0.12
Q61K,14.03,11.33,9.35,8.09,7.55,5.94,11.69,5.94,5.22,4.86,5.04,6.29,2.16,0.9,1.62,0.0
K147T,8.53,10.29,10.39,9.22,7.84,10.78,5.0,4.12,8.14,9.02,4.71,4.61,5.1,1.18,0.98,0.1
Q61L,22.31,8.23,6.51,5.84,4.38,1.86,23.77,7.97,1.86,2.26,2.52,7.97,1.86,1.06,1.59,0.0
Q61H,19.61,9.15,6.98,8.06,5.05,2.41,18.53,9.39,2.29,2.41,5.17,6.74,1.56,1.2,1.44,0.0
A155G,9.44,12.55,12.94,9.96,6.21,6.47,4.14,5.82,9.57,6.86,3.23,4.14,5.05,1.94,1.68,0.0
G12A,14.04,14.04,10.77,9.93,6.17,5.33,8.96,5.93,4.12,5.08,4.48,3.75,3.75,2.06,1.57,0.0
A146T,16.86,10.16,10.28,9.24,6.24,3.7,14.2,7.74,2.08,3.58,3.58,6.58,2.31,1.15,2.31,0.0
T20R,7.68,11.52,10.82,11.87,7.85,10.65,5.41,5.06,5.24,7.5,5.24,2.97,4.89,1.75,1.57,0.0
G75A,8.74,10.64,9.93,9.45,8.18,10.41,4.77,3.57,8.98,8.02,4.45,3.65,5.24,1.99,1.99,0.0
C118S,9.53,11.68,9.81,10.37,7.1,8.88,7.48,2.9,6.82,8.41,4.67,3.83,5.23,1.87,1.4,0.0
N26Y,10.57,12.24,8.61,10.42,9.06,7.1,8.46,4.68,6.8,5.74,3.93,6.04,4.08,1.21,1.06,0.0
G12R,17.45,8.1,8.41,8.26,4.83,4.67,16.82,8.26,1.87,3.58,4.98,7.17,1.25,1.4,2.96,0.0
D33E,10.31,9.98,9.66,6.92,8.7,8.7,6.92,6.76,7.89,6.92,4.83,5.48,4.19,1.45,1.13,0.16
T50I,9.96,9.96,11.25,6.99,8.28,8.93,6.34,5.3,10.35,6.73,4.53,5.56,2.85,1.16,1.81,0.0
G60S,13.01,9.73,10.79,7.8,8.67,8.96,8.57,7.51,4.43,5.49,3.08,5.39,3.37,1.16,1.93,0.1
K117N,21.19,10.47,6.07,6.98,4.91,2.58,19.64,9.17,1.55,3.1,4.01,5.94,1.55,1.42,1.29,0.13
G13C,16.35,11.87,7.53,9.26,6.37,4.05,10.71,7.67,3.33,6.22,5.21,6.51,2.32,1.59,1.01,0.0
G12D,17.32,11.4,9.21,8.99,7.24,4.61,11.84,6.8,3.51,3.07,3.95,4.61,2.63,2.41,2.41,0.0
T158T,9.01,9.43,11.13,10.03,6.97,8.84,5.18,5.1,9.18,7.31,4.5,4.59,4.67,2.46,1.53,0.08
T158A,8.64,12.14,10.86,9.57,6.64,9.36,6.0,4.14,7.5,8.36,4.21,4.64,4.21,2.43,1.29,0.0
L159S,8.98,11.22,10.55,10.47,8.3,9.12,5.98,5.31,7.26,7.26,3.52,4.86,4.26,1.72,1.2,0.0
AG59GV,13.4,11.15,11.24,8.63,7.64,5.58,12.68,7.46,3.69,3.96,3.69,5.67,1.71,1.8,1.71,0.0
G13E,20.24,9.0,5.7,5.55,5.1,2.85,19.49,9.75,3.15,1.65,4.05,6.9,1.5,2.25,2.7,0.15
Y166H,9.4,12.66,10.99,10.43,7.17,9.22,5.4,4.0,7.91,7.26,5.03,3.35,4.84,0.74,1.4,0.19
R135T,8.12,11.5,10.29,9.25,6.57,7.95,6.05,4.67,8.47,7.17,5.53,5.19,6.66,1.3,1.21,0.09
T58I,15.35,10.86,10.27,9.68,6.97,4.6,11.57,8.38,4.37,4.13,3.19,5.19,1.53,1.89,2.01,0.0
G13R,19.59,9.55,5.1,6.53,3.98,2.39,23.89,9.87,1.59,1.59,5.25,6.69,0.96,1.27,1.75,0.0
Q22K,12.04,10.14,8.87,9.38,7.73,6.72,11.79,6.46,3.93,4.94,4.44,7.98,2.79,1.39,1.27,0.13
I36M,12.54,8.25,11.23,8.52,9.49,6.17,10.05,8.11,5.75,4.02,3.95,7.35,1.73,1.32,1.39,0.14
C185Y,10.6,10.69,10.77,10.06,8.9,7.66,5.16,6.14,7.03,4.72,4.63,3.65,5.61,3.38,0.98,0.0
R164Q,8.8,11.08,10.24,9.76,7.95,10.0,4.34,5.54,7.11,7.23,3.98,4.94,5.66,2.05,1.33,0.0
A130V,9.11,10.16,11.82,9.98,6.48,9.19,5.6,4.82,7.36,7.36,4.73,4.9,5.08,2.1,1.23,0.09
V14L,16.74,9.5,9.4,7.99,7.34,4.1,12.31,8.96,3.35,3.78,4.86,6.48,1.4,2.27,1.51,0.0
P34R,12.14,9.95,11.29,8.13,8.5,6.43,9.47,6.43,7.04,5.83,4.61,4.61,2.18,1.46,1.82,0.12
G12I,20.59,10.73,7.12,8.2,6.44,3.02,15.41,7.02,3.71,3.41,4.0,4.88,2.05,1.27,2.05,0.1
G12V,19.06,9.4,8.88,8.09,6.27,4.18,13.05,7.83,3.66,6.01,3.39,4.7,1.57,2.35,1.57,0.0
P34L,13.73,12.22,8.9,9.5,6.03,6.49,6.03,6.49,6.49,4.98,4.22,6.33,4.68,2.56,1.21,0.15
Q25H,6.07,13.45,9.2,8.49,6.57,11.02,3.34,2.73,9.71,10.21,4.75,2.83,8.9,1.52,1.21,0.0
D173D,7.76,12.24,10.56,8.79,6.17,9.53,4.3,4.49,8.88,9.25,4.11,4.67,6.26,2.06,0.84,0.09
S136N,8.21,10.83,11.43,9.88,7.86,10.0,4.64,4.76,9.05,8.69,4.05,4.4,3.45,1.55,1.19,0.0
V14I,10.48,13.1,11.03,8.69,8.83,8.0,4.69,4.55,7.17,7.17,3.31,5.93,4.0,1.79,1.24,0.0
V8V,8.27,10.95,11.54,9.46,9.01,8.79,5.29,4.84,7.52,7.07,4.32,5.14,4.62,1.64,1.56,0.0
Q61P,11.8,11.7,10.93,8.9,7.83,6.67,9.67,6.58,4.55,4.93,3.29,5.8,3.0,2.51,1.74,0.1
G60V,12.86,11.29,10.36,9.71,6.85,7.77,11.1,5.27,5.18,4.63,3.98,5.83,2.87,0.74,1.57,0.0
T50P,8.86,11.21,8.74,9.98,9.42,9.75,7.29,4.04,6.5,4.82,4.04,6.84,4.48,2.13,1.79,0.11
AG11TD,18.63,11.15,8.7,8.55,4.73,4.58,10.08,7.18,4.89,4.58,4.27,5.19,3.82,2.29,1.37,0.0
multiple,10.19,12.39,6.89,5.17,3.38,3.66,6.84,3.32,4.28,3.15,26.9,3.22,7.06,1.57,1.95,0.03
Q99E,7.98,12.27,10.73,7.73,8.33,9.61,6.35,6.01,7.12,7.73,4.21,4.21,4.46,1.8,1.46,0.0
L52F,7.95,13.21,11.22,7.24,8.66,6.68,7.1,6.39,6.68,7.1,4.83,6.96,2.98,1.7,1.28,0.0
M111L,7.78,10.78,9.38,11.28,8.68,9.68,5.39,4.29,8.28,6.19,4.89,5.09,4.39,2.0,1.7,0.2
P110S,8.01,11.94,9.97,9.19,6.3,10.1,4.33,5.12,8.66,7.48,4.72,3.94,6.56,1.84,1.71,0.13
S17S,9.37,11.42,12.08,8.27,7.47,9.22,6.37,5.12,7.98,7.91,3.59,4.1,4.69,1.76,0.66,0.0
T50T,8.3,12.57,12.32,10.23,7.38,9.81,4.95,3.6,7.04,7.38,4.19,3.86,5.2,2.1,1.09,0.0
G12F,14.98,12.56,8.86,9.34,6.76,4.35,8.37,8.53,4.83,4.35,4.19,6.92,3.06,0.97,1.93,0.0
D30D,9.2,10.47,10.47,10.83,7.71,9.13,5.17,5.1,8.0,8.07,3.82,4.1,5.24,1.34,1.27,0.07
A146V,15.08,12.19,8.09,10.29,6.09,4.8,14.29,6.19,3.8,4.6,5.0,5.79,1.3,1.4,1.1,0.0
D57N,10.89,11.01,12.76,8.78,7.96,6.79,8.78,5.15,7.85,5.62,2.93,4.8,3.75,1.41,1.41,0.12
G12C,19.5,11.5,9.4,8.84,4.77,3.37,13.74,5.33,2.52,4.77,5.19,4.91,2.66,1.68,1.82,0.0
K147N,11.02,10.8,10.15,12.63,7.67,8.32,4.43,4.75,6.59,7.24,4.75,5.51,3.35,1.62,1.19,0.0
R149K,8.96,11.8,11.17,8.85,7.27,7.06,7.38,4.85,7.38,6.43,4.32,4.64,5.8,2.0,2.11,0.0
V112I,8.4,11.89,11.17,10.46,7.33,9.38,5.36,5.0,7.33,6.17,5.09,3.57,5.54,1.79,1.43,0.09
G60D,13.08,13.56,10.77,10.48,6.06,7.5,6.73,5.29,5.19,5.87,4.04,5.87,2.69,1.25,1.63,0.0
G12Y,15.19,12.54,10.77,10.47,3.98,5.9,9.59,4.72,5.16,6.05,4.28,3.98,3.39,1.77,2.21,0.0
L19F,11.47,10.06,11.05,11.33,5.81,6.23,8.64,5.81,5.52,5.81,4.96,5.81,3.26,2.55,1.7,0.0
K117R,13.86,11.37,10.72,9.8,7.84,5.49,8.24,6.67,4.31,4.44,5.1,6.93,2.22,1.05,1.96,0.0
Q61R,20.68,7.73,8.64,8.86,4.77,2.61,20.91,8.64,1.59,1.25,2.5,7.5,0.91,1.59,1.82,0.0
E31K,9.31,11.69,11.93,7.4,8.35,7.76,6.56,4.77,8.71,6.56,4.42,5.25,4.77,1.07,1.43,0.0
T144P,8.58,12.03,11.15,9.06,9.3,9.06,7.06,6.42,6.74,5.29,3.61,5.21,3.45,1.68,1.36,0.0
K179R,8.93,12.48,10.3,9.65,7.04,8.27,4.5,5.52,8.93,7.26,3.7,5.15,5.59,1.23,1.45,0.0
A59T,14.86,12.51,11.17,10.84,6.7,4.13,9.39,6.48,4.92,4.25,3.35,5.92,2.46,1.23,1.79,0.0
Q22H,10.59,11.02,9.75,8.37,11.33,7.31,8.37,6.25,5.19,6.25,4.87,4.98,2.44,1.8,1.48,0.0
T20T,8.34,11.55,10.82,9.53,7.42,9.72,4.4,4.03,8.34,9.07,5.13,3.57,4.77,1.92,1.37,0.0
unassigned,5.98,5.68,9.18,9.69,13.7,12.46,6.14,12.18,6.61,5.88,2.02,5.6,3.03,1.13,0.65,0.07
K5E,12.94,8.14,10.65,11.48,8.35,5.22,10.02,7.1,5.85,4.8,5.01,4.59,2.09,1.25,2.51,0.0
Q61A,20.27,9.16,9.61,6.46,4.8,3.0,16.97,8.86,1.8,3.15,4.95,5.71,1.5,1.8,1.95,0.0
A66A,9.15,11.47,11.59,8.96,7.02,10.4,4.82,4.14,9.34,6.52,4.51,4.7,4.64,1.25,1.5,0.0
K88K,10.49,12.83,9.55,8.61,5.52,8.99,5.99,5.9,7.12,6.46,4.78,5.71,4.96,1.59,1.4,0.09
E63K,10.6,12.62,9.67,10.6,6.64,7.91,5.13,5.47,6.64,7.06,4.04,5.21,5.63,1.6,1.09,0.08
K176Q,9.46,12.16,12.99,9.56,6.34,8.0,5.93,4.89,7.8,6.96,4.16,3.64,4.78,1.66,1.46,0.21
A59E,16.0,8.44,11.22,8.89,6.78,5.56,12.78,7.44,3.56,4.56,4.11,6.11,1.56,1.78,1.22,0.0
G12S,15.38,14.29,12.97,8.35,4.62,4.18,9.89,4.18,5.93,6.15,4.4,4.84,2.2,1.32,1.32,0.0
G13V,21.19,9.32,5.08,4.92,5.25,2.54,20.0,7.29,2.03,3.73,6.1,6.78,1.19,2.71,1.86,0.0
