,0,1,2
Q5R,72.45,19.43,8.12
C176F,69.98,23.48,6.55
L344L,69.37,24.7,5.94
E339K,66.57,25.51,7.92
R249M,71.84,20.08,8.08
Y234C,72.25,20.69,7.06
C238F,72.74,20.0,7.26
Y220C,70.79,22.18,7.02
V272L,68.61,24.57,6.82
R158H,69.62,22.24,8.15
G360V,66.73,24.55,8.73
R110L,70.18,20.95,8.87
E2E,66.31,26.46,7.23
A83V,67.02,25.11,7.87
H179Y,71.75,20.1,8.15
C242F,67.84,23.42,8.74
R337L,71.97,20.38,7.66
T170T,71.18,23.52,5.3
G266R,70.96,22.54,6.49
R273L,68.46,24.3,7.24
P153P,74.11,19.25,6.64
V31I,67.86,26.55,5.59
Y107H,69.98,24.07,5.96
P152L,68.99,23.37,7.64
G266E,71.4,21.73,6.87
R158L,72.91,22.03,5.07
H214R,71.24,18.65,10.1
R280T,66.7,25.39,7.92
R175H,72.0,20.32,7.68
P359P,69.03,23.76,7.21
K132N,69.37,23.09,7.54
G245V,71.63,21.19,7.19
T312S,68.72,23.64,7.64
C238Y,65.91,27.08,7.01
L194R,69.17,24.57,6.27
V216M,70.56,21.2,8.24
C277F,66.6,25.62,7.78
T118T,69.58,24.58,5.83
G244C,70.18,22.16,7.66
E271K,68.51,24.39,7.09
P250L,70.42,21.11,8.48
P47S,66.28,25.84,7.89
V157F,70.59,21.99,7.42
H193Y,69.53,23.7,6.77
Y236C,70.6,22.69,6.72
S127F,69.66,23.87,6.47
E285K,69.31,24.05,6.64
R213Q,68.63,22.09,9.28
K132R,70.25,25.25,4.5
V173L,70.36,22.09,7.55
R337C,70.67,23.6,5.73
R249S,68.58,21.85,9.57
R248L,69.73,22.42,7.86
C135F,70.69,22.01,7.3
G105C,72.57,19.87,7.55
H193R,68.94,24.47,6.6
R282W,68.74,22.29,8.97
Y205C,69.05,25.54,5.41
C275F,71.05,22.0,6.95
S366A,68.58,22.92,8.5
Y163C,68.35,25.0,6.65
P295P,72.32,21.47,6.21
P58R,71.23,23.86,4.91
V173M,71.95,20.94,7.11
G245C,69.17,22.5,8.33
R248W,73.73,20.65,5.62
H179R,65.03,24.5,10.47
P278L,69.62,21.59,8.79
E286K,70.32,22.47,7.22
R273H,68.46,25.04,6.51
WT,70.0,23.21,6.79
S241F,68.62,22.98,8.39
R273C,69.61,23.85,6.54
I195T,66.95,24.45,8.6
G266V,70.75,21.86,7.39
M246V,69.67,22.63,7.7
S241C,67.71,23.09,9.2
C176Y,69.29,22.85,7.86
G245S,68.64,23.97,7.38
P151S,70.13,22.29,7.58
D21D,69.2,23.69,7.11
P222P,68.75,23.44,7.81
P47P,69.24,24.02,6.74
P36P,69.43,24.7,5.87
P278S,70.27,21.67,8.06
R158R,71.16,22.75,6.09
A159P,70.4,22.16,7.44
V216V,70.93,23.16,5.91
V272M,71.96,20.63,7.41
P301P,71.94,21.0,7.05
M237I,68.63,23.11,8.26
A159V,70.03,21.55,8.42
C141Y,67.21,25.4,7.39
G154V,70.82,23.29,5.88
C135Y,71.04,21.49,7.47
R280K,72.22,22.53,5.26
C275Y,72.28,20.79,6.93
G245D,66.83,24.7,8.47
H193L,68.24,24.5,7.26
