,0,1,2,3,4,5,6,7,8,9,10,11,12,13,14
K132N,17.97,17.0,14.88,11.59,9.47,9.08,5.02,3.48,2.9,3.19,2.22,1.16,1.35,0.58,0.1
H193R,17.23,15.32,19.79,11.7,6.38,7.66,5.32,5.74,2.55,3.19,2.34,0.64,1.49,0.64,0.0
S127F,19.24,16.47,14.79,11.76,9.08,9.24,6.39,3.19,3.19,2.44,1.51,0.76,0.92,0.76,0.25
R337L,15.46,17.2,14.88,12.28,11.71,7.95,6.79,2.89,3.18,3.32,0.87,2.02,0.72,0.58,0.14
R110L,16.08,16.85,16.52,12.31,7.32,8.87,5.76,3.88,3.99,3.22,2.22,0.89,0.89,1.22,0.0
V272L,18.18,14.77,16.05,12.07,9.66,9.52,4.69,4.97,3.12,2.56,1.42,1.28,0.85,0.85,0.0
G266E,16.43,17.7,15.76,14.12,9.48,7.84,5.3,2.91,2.24,3.58,1.42,1.72,0.82,0.45,0.22
G154V,17.88,23.53,14.12,9.41,10.82,7.06,4.71,4.47,2.35,2.12,1.41,0.47,0.94,0.71,0.0
P222P,17.76,15.62,12.22,8.52,17.76,8.38,4.69,2.56,3.69,2.7,1.7,2.84,0.85,0.57,0.14
V216M,16.9,18.73,13.52,12.39,8.8,9.37,5.92,3.38,3.24,2.96,1.83,0.7,1.06,0.99,0.21
H214R,12.69,18.13,14.51,13.21,7.25,10.62,6.48,4.4,3.89,3.89,0.52,1.04,1.55,1.55,0.26
V173M,16.51,18.12,14.77,11.95,7.79,10.47,6.04,3.49,3.22,3.09,2.42,0.81,0.67,0.67,0.0
H193L,19.42,18.02,14.44,12.77,7.44,7.96,5.86,3.94,2.8,2.1,2.27,0.96,0.87,0.96,0.17
C238F,14.9,20.89,13.25,13.63,10.19,8.79,4.97,3.57,2.8,3.06,1.66,0.89,0.51,0.64,0.25
E271K,19.44,15.45,15.06,13.02,9.82,7.09,5.73,3.11,2.82,3.11,2.04,1.55,1.17,0.49,0.1
A159P,17.83,17.58,16.27,10.87,8.99,9.24,4.66,2.78,2.13,4.25,2.37,1.31,0.49,1.06,0.16
R282W,18.17,17.69,13.97,11.55,8.8,9.29,4.93,3.07,3.72,3.31,2.1,0.81,1.13,1.29,0.16
I195T,19.29,14.42,13.66,12.61,7.83,9.74,6.21,4.11,3.63,3.82,1.91,0.76,0.76,0.96,0.29
R248L,16.33,17.74,15.89,11.65,7.5,9.36,5.21,4.32,3.09,3.44,2.21,1.41,0.79,0.97,0.09
V173L,17.36,17.55,15.09,12.36,8.09,8.45,6.45,3.64,4.09,2.91,1.91,0.64,0.73,0.64,0.09
R158R,15.94,13.33,12.61,7.83,21.16,8.7,4.93,3.77,3.33,2.32,2.17,2.61,0.87,0.43,0.0
C176F,18.28,22.12,13.09,13.32,5.64,9.26,5.42,3.84,2.03,2.93,1.81,0.68,1.13,0.23,0.23
Y236C,16.66,18.92,15.08,10.49,8.09,9.87,6.31,4.93,3.56,2.12,1.44,0.82,0.75,0.82,0.14
Y234C,15.93,21.02,14.61,12.81,7.06,8.05,7.55,3.61,2.46,2.63,1.64,0.82,0.99,0.66,0.16
R280K,17.15,14.89,14.39,11.39,12.77,9.89,6.01,3.63,2.38,2.25,1.88,1.5,0.75,1.13,0.0
C277F,19.64,15.94,13.38,10.15,13.19,7.12,4.65,3.8,2.85,3.23,2.18,1.8,1.23,0.76,0.09
M246V,17.07,15.31,14.29,11.04,10.39,10.76,5.75,3.43,3.43,3.25,1.67,1.76,0.83,0.83,0.19
T312S,18.21,14.83,11.89,9.25,18.8,7.49,4.41,2.35,3.96,2.79,1.91,2.64,0.73,0.44,0.29
H179Y,15.17,18.98,14.87,13.38,7.92,8.07,6.13,4.33,3.44,3.29,2.32,0.45,0.97,0.6,0.07
C238Y,19.25,14.85,14.85,11.58,7.34,9.46,6.04,4.4,3.92,2.94,1.31,3.1,0.33,0.49,0.16
L344L,19.03,12.82,14.57,8.23,17.54,9.18,4.32,2.56,2.16,2.43,2.97,2.7,0.94,0.27,0.27
P153P,13.97,15.67,15.16,8.69,19.42,9.88,3.92,2.21,2.21,2.9,2.04,2.73,0.68,0.51,0.0
WT,13.21,13.57,12.5,7.14,20.71,9.29,5.36,3.93,2.86,2.86,2.14,4.64,0.71,0.0,1.07
C275F,17.33,16.93,15.54,12.02,7.85,10.14,5.64,3.35,3.03,3.76,1.88,0.74,0.74,0.74,0.33
H179R,18.04,13.81,14.7,14.03,5.57,9.58,5.79,4.9,4.01,4.45,1.78,0.89,1.56,0.89,0.0
R249M,15.78,17.08,17.08,12.78,7.56,9.91,5.87,3.65,3.65,2.48,1.56,0.65,0.78,1.04,0.13
P301P,15.05,12.85,16.46,8.31,19.75,6.74,5.02,3.13,3.92,2.51,2.35,2.51,0.47,0.63,0.31
P359P,17.16,14.68,11.94,8.58,18.16,7.84,5.1,3.48,3.23,3.36,2.49,2.74,0.87,0.12,0.25
G244C,17.6,16.52,16.52,10.61,8.39,8.39,6.65,3.56,3.16,3.29,2.22,0.87,1.07,1.07,0.07
V31I,19.76,16.17,12.57,8.78,14.57,7.78,4.79,3.19,2.59,2.99,2.2,2.99,0.4,1.2,0.0
R248W,15.56,18.56,17.25,10.46,7.71,9.54,6.27,4.31,1.57,3.92,3.14,0.78,0.26,0.65,0.0
C176Y,17.0,14.63,16.82,10.24,10.24,9.14,6.03,4.2,3.29,4.02,2.38,1.28,0.55,0.18,0.0
E339K,16.72,13.2,11.73,5.87,21.41,8.5,4.99,3.52,3.23,3.52,0.59,4.69,1.47,0.59,0.0
P278S,17.11,16.59,16.41,11.8,8.12,10.16,5.32,3.1,3.33,3.68,1.64,1.17,0.88,0.58,0.12
R213Q,17.52,16.08,15.82,10.85,11.24,8.24,4.71,3.01,4.31,3.27,1.7,1.18,1.31,0.65,0.13
S241C,17.47,14.82,13.88,9.83,12.01,8.42,4.84,4.21,3.9,4.99,2.18,1.25,0.78,1.25,0.16
P278L,16.15,19.16,12.38,11.97,8.37,10.79,5.61,4.35,3.43,3.51,2.01,0.75,0.67,0.84,0.0
E285K,18.25,16.23,15.88,12.09,9.0,8.53,5.81,4.62,3.2,2.73,1.54,1.07,0.47,0.59,0.0
R175H,16.98,17.1,17.97,12.02,9.29,7.56,5.82,2.23,2.48,3.35,2.48,0.74,0.87,0.74,0.37
G245C,16.94,19.86,14.31,11.53,8.06,7.64,6.11,4.31,3.33,3.06,2.22,1.11,1.11,0.42,0.0
P152L,19.1,17.98,17.53,8.99,9.21,10.34,3.82,3.15,2.7,3.15,1.35,1.12,0.9,0.67,0.0
R337C,18.0,13.2,14.27,9.87,15.73,9.47,6.13,3.07,2.93,1.47,1.6,1.73,1.07,1.2,0.27
P151S,17.68,21.4,13.52,11.14,7.28,8.77,6.84,3.71,3.12,2.38,1.49,0.89,1.34,0.45,0.0
R273H,19.52,16.41,15.42,11.32,9.9,6.65,6.51,4.24,2.83,2.4,2.55,0.85,1.13,0.28,0.0
D21D,17.6,14.55,14.21,7.45,20.14,6.09,5.25,2.71,2.71,3.89,1.18,3.05,0.34,0.51,0.34
R280T,19.02,15.1,13.74,12.01,10.56,8.1,5.19,4.55,3.82,2.64,1.64,1.55,1.09,0.73,0.27
Q5R,14.33,13.38,15.13,8.44,23.25,5.25,5.89,2.55,1.91,3.66,1.43,2.55,1.59,0.48,0.16
Y163C,18.15,14.72,17.14,12.1,10.69,8.67,4.03,4.23,3.02,3.43,1.61,1.41,0.6,0.0,0.2
P36P,18.22,17.21,14.17,7.29,13.97,9.51,4.66,3.44,2.83,2.83,2.23,2.63,0.81,0.2,0.0
C135F,17.55,18.86,15.92,10.34,7.81,9.03,6.9,3.14,3.25,3.25,1.52,1.32,0.71,0.41,0.0
V272M,15.81,20.17,15.36,12.53,7.87,8.56,6.19,3.9,3.06,3.13,1.38,0.53,1.07,0.38,0.08
G105C,15.02,18.88,15.11,11.6,10.34,8.99,6.38,3.87,3.24,2.7,1.53,0.81,1.17,0.36,0.0
E286K,17.55,17.3,16.63,11.82,7.98,9.06,5.89,3.68,3.17,2.35,1.43,0.92,1.13,0.87,0.2
C141Y,21.48,18.24,15.7,10.16,8.08,8.55,6.24,3.46,2.54,2.77,1.15,0.46,0.46,0.69,0.0
T170T,16.26,14.66,14.04,8.62,17.73,8.5,5.91,4.06,2.22,2.09,1.72,2.34,0.99,0.49,0.37
V216V,18.53,12.3,13.9,7.19,19.97,8.31,6.87,2.4,2.88,2.72,2.08,2.24,0.16,0.48,0.0
Y205C,21.65,16.88,14.07,11.69,11.69,6.93,4.33,3.46,2.81,2.16,2.16,0.43,0.87,0.87,0.0
G245S,18.6,16.41,16.32,10.94,9.66,8.66,4.92,4.19,2.92,3.19,1.82,1.0,0.73,0.55,0.09
R158L,16.34,17.89,18.2,10.86,9.93,8.79,4.76,3.83,2.28,2.17,1.45,1.24,0.93,1.03,0.31
V157F,15.86,18.41,14.07,10.49,9.46,8.95,6.91,4.86,3.32,2.81,1.53,0.77,1.28,1.28,0.0
G360V,18.0,12.55,12.36,9.45,16.0,8.91,5.82,4.0,4.0,3.64,1.27,2.36,0.91,0.73,0.0
R273C,17.4,18.51,13.08,11.05,11.05,9.39,4.7,4.6,2.58,2.39,1.57,1.2,1.2,1.1,0.18
E2E,18.52,13.76,12.52,7.76,17.11,8.29,4.76,3.88,2.65,3.7,1.59,3.7,0.53,1.06,0.18
P295P,14.31,11.49,12.99,11.68,19.21,10.73,4.33,3.58,2.45,2.82,2.26,3.39,0.19,0.38,0.19
T118T,18.19,14.86,12.08,8.61,20.0,7.22,5.0,3.19,2.36,2.92,1.11,2.92,0.56,0.83,0.14
C275Y,15.72,17.45,17.45,13.37,8.17,9.16,5.07,3.84,2.35,2.85,2.1,0.87,0.74,0.5,0.37
G266V,15.86,17.4,15.24,13.01,9.55,8.47,4.7,4.7,3.7,2.54,1.46,1.15,1.08,1.15,0.0
H193Y,19.08,18.17,15.28,12.72,8.09,8.26,5.12,3.3,3.14,2.81,1.24,0.83,0.91,0.74,0.33
S366A,16.45,13.31,12.38,10.54,20.15,7.39,2.77,3.7,2.96,3.14,1.85,2.77,2.03,0.55,0.0
L194R,18.55,18.38,16.9,10.47,8.24,7.42,5.44,4.2,2.56,2.31,1.57,1.07,1.32,1.15,0.41
G266R,18.21,17.4,17.31,12.8,8.21,8.03,5.23,3.79,2.98,1.98,2.25,0.36,0.63,0.72,0.09
G245V,15.26,17.63,15.63,13.11,8.52,8.44,5.78,4.52,2.81,2.89,3.04,1.11,0.67,0.59,0.0
G245D,17.92,17.92,14.77,11.26,7.99,8.35,5.45,5.33,4.36,1.94,1.45,1.09,1.33,0.85,0.0
P58R,16.14,19.3,14.39,7.37,18.95,4.91,4.56,3.16,1.4,2.46,1.75,4.21,1.05,0.35,0.0
C135Y,17.53,16.01,16.46,12.2,9.3,8.54,6.1,3.05,3.51,1.83,3.05,0.61,0.76,1.07,0.0
Y107H,17.06,15.3,12.38,9.23,15.89,7.94,4.67,3.5,2.34,2.69,3.27,2.92,1.17,1.4,0.23
A83V,17.45,13.4,15.11,6.6,20.85,5.74,5.32,3.19,4.26,1.91,0.85,3.83,0.64,0.64,0.21
R273L,18.92,14.47,16.33,9.83,12.06,7.79,5.94,3.71,2.04,3.34,2.04,0.93,0.93,1.67,0.0
S241F,18.52,18.05,13.26,12.92,9.26,8.13,5.53,3.13,2.8,4.6,1.2,1.07,0.8,0.53,0.2
P47P,15.17,12.92,11.94,6.88,22.33,9.69,3.51,4.49,3.23,2.67,2.25,3.93,0.28,0.56,0.14
R158H,16.76,18.28,13.04,10.24,12.11,8.85,5.82,3.49,3.61,2.68,1.86,1.28,1.28,0.35,0.35
C242F,18.96,15.8,15.99,11.9,8.92,8.74,4.65,2.6,3.16,4.28,2.04,1.12,1.12,0.37,0.37
K132R,18.75,19.25,14.5,10.5,7.0,10.25,3.75,4.5,1.5,2.25,3.75,1.5,1.25,1.0,0.25
Y220C,16.64,16.82,14.6,12.01,10.91,8.13,6.1,3.88,2.59,3.33,2.22,1.48,0.55,0.74,0.0
R249S,16.19,16.71,16.54,9.83,8.44,10.27,4.96,4.87,4.09,3.74,1.65,0.44,1.13,1.04,0.09
M237I,17.0,16.44,14.69,11.76,7.7,9.45,6.75,4.53,2.78,3.65,1.51,1.11,1.67,0.79,0.16
P250L,16.96,16.78,15.05,11.76,8.13,10.55,5.02,2.42,3.46,4.33,2.42,1.04,0.52,0.87,0.69
A159V,16.05,16.61,14.14,12.23,9.99,9.99,5.95,4.04,3.25,3.48,1.46,0.9,1.12,0.45,0.34
P47S,16.95,14.09,12.58,7.55,19.3,8.72,4.03,4.87,2.68,3.19,1.51,3.19,0.84,0.34,0.17
