,0,1,2,3,4,5,6,7,8,9,10,11,12,13,14
R158R,13.04,9.57,8.99,11.01,7.39,12.61,6.38,7.68,5.36,5.65,6.52,3.48,2.03,0.29,0.0
E339K,9.97,7.04,7.92,10.56,9.38,9.97,9.68,10.56,4.11,7.04,5.57,4.4,2.93,0.88,0.0
V173M,11.95,12.08,10.6,8.05,9.93,6.44,8.05,5.5,6.58,7.65,5.37,5.1,1.48,0.94,0.27
R273H,10.18,11.74,8.63,8.06,10.75,9.34,7.36,8.06,6.36,6.65,6.08,3.96,1.27,1.13,0.42
S241C,12.95,12.17,9.2,7.33,8.11,9.05,7.49,8.42,6.24,4.06,6.08,5.62,2.5,0.78,0.0
G266V,11.01,10.39,9.78,9.39,9.16,8.16,8.62,7.78,8.24,5.47,4.23,4.7,2.0,0.85,0.23
C141Y,13.86,11.78,11.78,7.16,8.08,7.62,7.85,5.77,6.24,8.08,4.85,3.93,1.62,1.39,0.0
G266E,10.98,11.73,10.98,8.51,7.02,8.07,8.22,7.77,8.29,6.87,5.23,3.14,2.02,0.9,0.3
P36P,14.37,11.34,8.3,10.53,8.1,11.34,6.48,8.7,5.47,4.66,4.86,3.24,2.43,0.2,0.0
G266R,12.44,12.44,11.09,9.56,7.21,8.39,7.94,5.68,8.57,5.14,4.6,4.15,1.26,1.26,0.27
C275F,12.59,11.86,10.55,9.16,7.52,7.28,7.93,5.56,8.42,7.36,5.4,3.92,1.96,0.33,0.16
P47P,12.36,9.27,6.18,10.53,8.43,14.33,6.18,9.69,3.65,7.87,4.92,3.79,1.69,0.98,0.14
P47S,12.58,7.05,7.38,12.25,6.54,13.76,7.21,7.21,6.04,7.05,5.37,4.19,2.35,0.84,0.17
R248W,13.99,12.42,10.98,7.84,9.54,7.32,7.45,6.54,6.41,6.67,4.58,3.27,1.96,1.05,0.0
L194R,12.45,10.31,9.89,10.39,8.66,7.25,8.74,6.1,7.67,7.34,4.7,3.54,2.47,0.49,0.0
D21D,11.0,10.15,7.78,10.32,7.78,12.01,6.09,8.29,5.92,7.78,6.6,3.89,1.86,0.51,0.0
Y234C,13.3,11.33,10.84,7.72,10.51,7.22,7.55,6.9,6.57,7.39,4.11,3.12,1.81,1.31,0.33
Y205C,8.66,11.04,12.55,7.58,10.39,6.28,9.09,7.58,7.79,6.71,6.93,3.9,1.3,0.0,0.22
P301P,12.85,10.19,8.15,10.97,9.72,10.5,6.58,8.46,5.33,6.11,4.39,4.7,1.1,0.47,0.47
P359P,11.69,9.95,8.83,11.57,7.96,12.44,6.72,8.33,5.1,6.97,4.1,4.35,1.37,0.37,0.25
R280T,11.92,10.01,9.37,10.83,11.1,9.46,7.28,7.37,5.19,5.82,3.55,5.55,1.91,0.64,0.0
R158L,11.07,12.72,11.89,9.31,7.14,6.93,9.62,7.65,6.51,6.1,5.79,2.9,1.65,0.72,0.0
Y163C,9.88,10.28,11.69,9.07,7.46,8.47,9.48,7.66,6.85,7.46,5.24,4.03,1.81,0.6,0.0
WT,11.79,8.21,7.14,10.0,10.36,15.0,6.07,7.86,5.71,7.14,4.64,4.29,1.79,0.0,0.0
T118T,12.08,9.17,9.03,10.14,9.17,12.92,8.61,8.06,3.89,4.86,6.11,3.33,1.81,0.69,0.14
A83V,11.28,8.3,6.38,9.36,7.87,14.47,5.96,10.43,5.96,7.02,5.32,4.89,1.49,1.28,0.0
Y220C,11.09,11.46,11.46,7.39,9.98,7.02,8.32,6.28,7.21,7.95,4.62,4.07,1.85,1.29,0.0
Y107H,12.85,10.63,7.36,10.75,9.93,10.51,7.36,7.24,4.91,7.48,4.56,4.09,1.4,0.82,0.12
Q5R,10.67,9.55,11.31,9.71,7.48,11.78,6.05,7.8,4.3,9.24,4.46,3.5,2.71,1.11,0.32
V157F,13.55,13.3,8.7,8.7,7.16,6.14,8.95,6.91,7.42,8.95,3.58,4.86,1.02,0.51,0.26
E271K,13.31,10.98,11.95,7.77,8.94,7.29,8.16,7.39,5.05,6.8,5.15,4.47,1.65,0.97,0.1
E2E,13.23,8.64,6.88,10.05,10.23,13.05,6.7,8.47,4.41,6.88,4.76,3.7,2.82,0.18,0.0
G245C,11.67,11.25,8.33,11.25,7.78,9.31,7.92,6.25,5.97,5.83,6.94,4.58,1.53,1.25,0.14
V272M,12.22,12.15,10.16,8.94,8.86,7.18,9.55,5.12,5.88,6.49,5.27,4.58,2.29,1.22,0.08
S366A,9.43,9.24,6.84,12.57,9.24,11.46,6.28,9.06,5.55,6.65,4.81,4.62,3.14,1.11,0.0
A159P,11.69,12.18,10.47,7.6,7.93,7.85,8.18,6.7,8.18,6.13,5.72,4.17,1.72,1.23,0.25
P222P,12.78,7.81,6.82,13.64,8.81,11.08,6.82,8.52,5.97,5.4,4.97,4.12,1.85,0.99,0.43
H214R,10.62,11.66,12.69,8.81,8.81,6.99,8.29,4.66,5.96,7.25,4.4,4.92,3.89,1.04,0.0
R248L,11.47,11.39,9.89,8.47,8.12,9.09,8.47,7.41,6.71,5.74,5.12,4.06,2.38,1.5,0.18
A159V,13.58,11.45,10.1,7.97,8.19,7.74,9.43,5.84,5.95,7.52,4.04,4.04,2.24,1.46,0.45
M237I,11.36,10.88,11.68,9.61,9.53,6.51,7.39,5.72,7.55,7.47,3.97,4.69,2.7,0.87,0.08
T312S,12.63,10.87,7.93,10.43,8.08,11.6,6.9,7.64,5.14,7.34,4.11,4.41,2.5,0.29,0.15
R337L,13.58,7.66,9.39,9.68,9.97,7.51,7.66,7.66,5.92,7.37,6.07,3.9,2.75,0.72,0.14
G245D,11.14,11.99,10.41,8.35,7.75,7.63,8.84,5.33,8.96,6.17,4.6,5.33,2.06,1.09,0.36
P250L,13.15,14.19,7.44,9.69,6.92,8.48,6.75,5.88,5.71,7.61,5.88,4.33,2.42,1.38,0.17
V272L,13.07,11.51,9.94,8.24,9.66,7.1,7.67,6.68,6.53,6.96,5.54,4.4,1.14,1.14,0.43
Y236C,10.35,9.25,11.72,9.18,9.6,7.61,8.36,7.68,6.85,7.06,5.14,4.66,1.58,0.96,0.0
R158H,11.53,12.92,9.08,11.29,9.43,6.64,7.68,6.64,6.05,6.29,4.42,4.54,2.1,1.28,0.12
C135Y,11.43,12.2,11.43,7.77,8.08,8.08,8.23,5.18,9.76,5.64,4.88,3.66,1.83,1.68,0.15
R280K,11.89,9.01,10.51,8.01,12.27,10.39,9.14,7.76,5.38,8.26,2.38,3.13,1.25,0.5,0.13
G245V,11.63,11.33,10.52,8.22,9.48,7.93,8.07,5.33,7.78,7.19,5.63,3.78,2.3,0.74,0.07
C242F,10.97,15.43,9.11,9.29,8.18,7.43,7.81,4.65,6.69,6.13,5.58,4.65,3.35,0.74,0.0
H193L,11.29,10.76,11.99,9.01,9.1,6.74,9.54,5.86,7.44,7.0,3.67,4.02,1.66,1.75,0.17
G245S,10.21,11.76,9.75,9.21,9.21,9.12,8.3,5.47,8.2,7.11,4.56,4.28,1.73,1.09,0.0
C277F,11.48,10.44,9.96,8.54,10.44,11.95,6.93,7.5,5.22,6.55,4.08,4.55,0.95,0.95,0.47
P278S,10.63,12.68,10.69,8.82,8.0,7.89,8.88,6.48,8.18,6.02,3.56,4.67,2.51,0.82,0.18
P152L,14.61,11.24,9.21,8.31,5.84,6.52,8.54,5.62,9.89,7.19,6.07,3.37,1.57,1.57,0.45
G154V,9.18,10.59,10.12,8.94,10.35,10.59,7.53,7.06,7.06,7.29,5.88,3.06,1.18,0.71,0.47
H179Y,12.33,10.16,10.91,8.82,6.65,7.62,9.12,5.46,8.3,7.03,5.68,4.93,1.64,1.35,0.0
V31I,12.97,11.78,8.38,9.18,8.58,10.78,8.78,7.58,4.39,8.38,3.79,3.39,1.8,0.2,0.0
R110L,12.64,12.08,10.53,8.54,8.31,7.87,8.65,5.65,6.54,5.99,4.55,5.43,1.55,1.11,0.55
K132N,13.33,10.53,9.86,9.47,7.83,6.96,8.12,6.76,6.67,6.96,5.6,3.96,2.61,0.97,0.39
V216V,14.22,8.63,9.11,9.27,9.9,10.54,6.87,8.95,5.11,6.55,5.59,3.19,1.28,0.8,0.0
R175H,13.01,14.0,9.91,8.92,7.43,5.2,6.32,5.45,8.92,7.06,6.2,4.09,1.86,1.61,0.0
H179R,10.47,12.47,9.8,6.9,9.13,6.68,8.91,6.46,7.57,7.13,4.23,4.9,3.34,2.0,0.0
G105C,11.6,10.61,9.71,8.09,9.8,8.54,9.08,6.29,7.82,6.83,3.96,4.5,1.89,0.99,0.27
R337C,14.27,10.0,8.0,10.13,7.87,11.33,5.73,6.93,5.2,9.07,5.87,3.6,1.07,0.67,0.27
M246V,11.69,10.2,12.24,7.88,7.98,10.3,7.79,7.33,6.86,6.03,4.17,4.17,2.5,0.74,0.09
C238F,9.55,8.92,10.96,9.17,10.45,7.52,9.17,7.64,7.77,6.62,5.1,3.69,1.66,1.4,0.38
V216M,12.11,11.55,9.93,8.17,8.59,7.18,9.08,6.83,6.9,6.27,5.0,4.79,2.11,1.27,0.21
T170T,12.68,12.07,7.51,9.98,8.37,9.98,7.27,10.1,4.8,5.91,5.79,2.71,1.85,0.62,0.37
S241F,12.13,9.13,9.26,8.33,10.93,8.86,9.13,7.13,5.73,6.6,4.2,5.0,2.33,1.2,0.07
H193Y,13.38,11.07,10.32,8.59,8.67,7.27,8.42,5.62,7.18,6.94,4.95,4.62,1.82,0.99,0.17
C275Y,12.25,13.24,9.9,9.16,8.04,6.93,8.79,6.06,8.42,6.19,4.46,3.22,1.86,1.11,0.37
S127F,12.02,12.77,10.34,8.91,7.82,8.49,6.81,6.39,7.98,5.55,5.97,4.03,2.27,0.59,0.08
E286K,11.46,11.26,10.85,8.6,8.34,8.14,8.9,6.14,7.78,5.22,5.89,4.3,1.94,1.02,0.15
C176Y,12.25,13.16,11.15,8.04,7.13,8.78,8.59,6.58,4.94,6.22,5.12,4.75,2.38,0.73,0.18
C176F,12.19,10.16,9.71,9.26,10.61,6.55,8.58,4.74,8.58,6.32,6.32,4.29,1.35,0.9,0.45
P295P,11.11,9.42,10.36,12.05,9.23,10.73,6.21,8.66,6.97,4.33,4.9,3.39,1.32,0.75,0.56
P58R,12.63,8.42,8.42,12.28,8.42,11.23,10.53,7.72,7.02,2.81,5.61,3.51,1.05,0.35,0.0
K132R,12.25,13.0,8.5,12.0,10.25,9.25,6.75,4.0,6.75,7.0,5.75,2.25,1.25,0.5,0.5
R273L,10.76,11.13,9.83,11.32,9.28,7.42,6.31,8.53,7.42,6.31,4.08,3.9,1.86,1.3,0.56
R249S,12.36,10.44,10.88,9.83,9.05,6.35,7.92,6.7,5.4,6.44,5.05,5.48,2.35,1.39,0.35
R249M,12.26,12.13,10.43,9.13,8.08,6.26,9.39,5.87,7.69,6.91,4.3,3.65,2.35,1.3,0.26
C135F,12.37,12.88,11.36,7.61,7.81,7.91,8.11,6.59,5.78,6.09,5.78,4.56,1.62,1.01,0.51
V173L,12.91,10.73,11.0,9.91,8.18,8.0,7.91,7.09,5.64,5.91,4.91,6.0,1.0,0.55,0.27
I195T,12.03,10.89,12.89,7.93,9.07,5.83,7.16,5.92,8.6,6.59,4.11,5.25,2.48,0.96,0.29
P151S,9.96,9.51,8.32,9.81,8.17,9.96,9.81,4.9,9.81,6.39,5.79,4.01,2.08,1.49,0.0
R282W,12.68,12.44,9.77,9.77,8.8,6.87,7.59,5.74,6.95,5.74,5.09,4.44,2.58,1.37,0.16
C238Y,10.28,11.26,11.26,10.44,10.11,7.99,8.97,7.01,6.04,5.87,4.4,4.57,1.31,0.49,0.0
H193R,12.55,11.91,9.57,9.36,9.15,5.96,6.81,4.89,8.09,7.45,6.6,4.47,1.49,1.7,0.0
E285K,12.91,12.32,8.53,9.95,9.83,7.46,6.04,6.16,7.94,6.4,5.45,3.91,1.78,0.95,0.36
P278L,11.21,11.05,9.29,8.28,8.37,8.87,9.04,6.53,7.62,6.78,4.18,4.77,2.01,1.84,0.17
G244C,12.09,11.69,12.29,8.8,8.19,6.38,8.39,6.11,7.92,5.57,4.7,4.1,2.08,1.41,0.27
R273C,11.88,9.12,8.01,8.75,11.51,10.68,7.73,10.77,4.05,8.2,3.13,3.78,1.47,0.83,0.09
G360V,10.91,11.27,12.18,8.18,5.64,10.0,5.27,8.36,6.18,6.91,6.18,5.64,1.82,1.45,0.0
P153P,10.73,11.07,9.03,9.2,8.01,11.75,5.62,8.86,6.13,7.67,5.79,3.58,1.7,0.85,0.0
R213Q,13.07,11.11,7.19,9.54,7.84,10.59,8.63,4.97,6.27,8.1,3.53,4.97,2.61,1.57,0.0
L344L,11.34,9.99,9.58,12.55,8.37,9.99,5.94,7.29,6.61,5.8,6.34,3.51,1.62,0.67,0.4
