,0,1,2
R337L,72.25,20.95,6.79
C176Y,69.47,23.22,7.31
G245C,69.72,23.19,7.08
K132R,70.5,26.0,3.5
R158L,73.11,22.54,4.34
D21D,69.37,24.2,6.43
R248L,69.99,23.12,6.88
G105C,72.84,20.77,6.38
C141Y,67.67,25.87,6.47
K132N,69.76,23.96,6.28
Y220C,71.16,22.37,6.47
H193R,68.94,25.11,5.96
R282W,69.14,23.18,7.67
P295P,72.69,21.66,5.65
Y236C,71.08,23.17,5.76
P250L,70.59,21.63,7.79
V272L,69.03,25.14,5.82
S366A,68.76,24.77,6.47
R110L,70.62,21.73,7.65
G245D,67.31,25.54,7.14
R249S,68.93,22.8,8.27
P278S,70.56,22.37,7.07
C135Y,71.65,21.95,6.4
E271K,69.0,25.27,5.73
R280K,72.34,23.15,4.51
I195T,67.34,25.21,7.45
T170T,71.43,24.14,4.43
A159V,70.37,22.33,7.3
V31I,68.26,26.75,4.99
P222P,69.18,24.01,6.82
E2E,66.84,26.98,6.17
R280T,66.97,26.48,6.55
R249M,72.36,20.86,6.78
A159P,70.89,22.57,6.54
A83V,67.02,25.32,7.66
T312S,69.02,24.23,6.75
S127F,70.0,24.54,5.46
S241C,68.49,23.87,7.64
R273L,68.83,24.86,6.31
H193Y,69.53,24.44,6.03
G266V,70.98,22.71,6.31
R337C,70.8,24.67,4.53
L344L,69.64,25.24,5.13
Y234C,72.41,21.51,6.08
P152L,68.99,24.04,6.97
V272M,72.35,21.39,6.26
H214R,71.76,19.95,8.29
G245S,69.1,24.52,6.38
P153P,74.28,19.93,5.79
P359P,69.28,24.5,6.22
Y107H,70.09,24.77,5.14
C238Y,66.39,27.08,6.53
R213Q,68.76,23.14,8.1
P278L,69.96,22.09,7.95
P151S,70.43,23.63,5.94
H179Y,72.05,20.78,7.17
Y205C,69.26,26.19,4.55
Q5R,72.77,20.54,6.69
R273H,68.74,25.46,5.8
V157F,70.59,22.76,6.65
C135F,70.79,22.52,6.69
L194R,69.58,25.72,4.7
WT,70.36,23.57,6.07
M237I,69.18,24.31,6.51
G244C,70.32,22.83,6.85
R175H,72.61,21.19,6.2
G154V,71.06,23.76,5.18
C176F,70.2,24.15,5.64
T118T,69.44,24.86,5.69
G266R,71.06,23.08,5.86
G245V,72.22,21.7,6.07
P58R,71.23,24.91,3.86
P47P,69.66,24.3,6.04
V173L,70.82,22.45,6.73
C275F,71.38,22.73,5.89
H193L,68.77,25.28,5.95
R158H,70.2,23.17,6.64
S241F,69.02,23.65,7.33
E286K,70.52,23.29,6.19
C275Y,72.65,21.41,5.94
C238F,73.38,20.51,6.11
E285K,69.67,24.41,5.92
H179R,66.37,25.61,8.02
P47S,66.61,26.68,6.71
M246V,70.04,23.28,6.68
P36P,70.04,24.9,5.06
C242F,68.22,24.35,7.43
R158R,72.03,23.19,4.78
Y163C,68.75,25.0,6.25
R248W,73.99,20.92,5.1
G266E,71.84,22.26,5.9
E339K,67.16,26.98,5.87
P301P,72.26,21.47,6.27
R273C,69.98,24.77,5.25
C277F,66.98,26.47,6.55
V216M,70.92,21.9,7.18
G360V,66.91,25.09,8.0
V173M,72.21,21.48,6.31
V216V,71.25,23.16,5.59
